cmd: ./serialinfluence
events: Ir
fl=./csu/../csu/libc-start.c
fn=__libc_start_main@@GLIBC_2.34
128 2
134 3
135 7
138 1
139 2
142 3
143 2
144 16
145 8
242 13
311 3
312 3
337 6
340 2
343 2
350 2
352 2
360 4
fl=./csu/../sysdeps/nptl/libc_start_call_main.h
fn=(below main)
29 9
44 3
46 2
51 2
52 2
55 2
58 6
74 2
fl=./csu/./csu/init-first.c
fn=_init_first
46 6
51 2
55 5
61 1
62 1
63 2
71 2
72 3
fl=./ctype/./ctype/ctype-info.c
fn=__ctype_init
29 1
31 7
33 4
35 4
36 1
fl=./debug/../sysdeps/x86_64/multiarch/ifunc-memmove.h
fn=__memcpy_chk
56 2
57 3
60 3
61 2
74 2
77 2
85 2
93 2
96 5
fn=__memmove_chk
56 2
57 3
60 3
61 2
74 2
77 2
85 2
93 2
96 5
fn=__mempcpy_chk
56 2
57 3
60 3
61 2
74 2
77 2
85 2
93 2
96 5
fl=./debug/../sysdeps/x86_64/multiarch/ifunc-memset.h
fn=__memset_chk
54 5
57 3
58 2
64 2
73 2
75 2
85 2
93 2
96 5
fl=./debug/../sysdeps/x86_64/multiarch/memcpy_chk.c
fn=__memcpy_chk
29 1
fl=./debug/../sysdeps/x86_64/multiarch/memmove_chk.c
fn=__memmove_chk
29 1
fl=./debug/../sysdeps/x86_64/multiarch/mempcpy_chk.c
fn=__mempcpy_chk
29 1
fl=./debug/../sysdeps/x86_64/multiarch/memset_chk.c
fn=__memset_chk
29 1
fl=./elf/../bits/stdlib-bsearch.h
fn=intel_check_word.constprop.0
27 96
28 48
29 744
31 648
32 348
35 264
37 120
fl=./elf/../elf/dl-tls.c
fn=_dl_add_to_slotinfo
1017 27
1023 3
1026 3
1027 3
1031 9
1065 6
1068 6
1069 9
1072 18
fn=_dl_allocate_tls_init
523 11
524 2
528 2
531 1
534 2
537 3
549 1
554 27
560 9
563 9
564 6
570 9
571 6
573 24
576 6
577 6
580 6
581 12
583 6
584 6
593 3
601 6
603 30
609 3
615 2
618 2
621 9
fn=_dl_allocate_tls_storage
365 1
369 1
370 1
371 2
374 1
380 2
417 7
419 1
430 1
431 1
432 2
440 6
441 1
445 305
464 1
470 7
fn=_dl_assign_tls_modid
125 12
128 6
141 3
181 3
183 3
186 3
187 6
fn=_dl_count_modids
192 1
194 2
195 1
210 2
fn=_dl_determine_tlsoffset
216 9
217 1
218 1
219 1
222 4
225 2
259 1
261 25
263 9
265 9
266 6
268 6
270 15
281 3
286 24
288 6
289 3
294 3
301 1
302 7
304 2
354 1
355 8
fn=_dl_tls_static_surplus_init
83 3
97 8
100 6
101 5
102 3
104 4
107 1
109 1
111 3
112 6
fl=./elf/../include/list.h
fn=__tls_init_tp
43 2
44 2
45 1
47 1
fl=./elf/../include/rtld-malloc.h
fn=__minimal_calloc
56 17
fn=_dl_allocate_tls_storage
44 2
56 1
fn=_dl_check_map_versions
44 18
fn=_dl_find_object_init
56 2
fn=_dl_important_hwcaps
56 4
fn=_dl_init_paths
56 5
fn=_dl_map_object_deps
56 12
fn=_dl_new_object
44 18
56 15
fn=do_lookup_x
44 13
fn=fillin_rpath.isra.0
50 2
51 1
56 2
fn=init_tls
44 2
fl=./elf/../include/scratch_buffer.h
fn=_dl_map_object_deps
77 2
78 1
85 3
131 20
fl=./elf/../misc/sbrk.c
fn=sbrk
37 6
40 1
58 2
62 2
78 5
fl=./elf/../nptl/nptl-stack.h
fn=__libc_early_init
61 8
fl=./elf/../sysdeps/generic/_itoa.h
fn=_dl_check_map_versions
76 36
fl=./elf/../sysdeps/generic/dl-cache.h
fn=_dl_load_cache_lookup
125 4
194 1
195 5
fl=./elf/../sysdeps/generic/dl-call_tls_init_tp.h
fn=init_tls
31 8
33 1
fl=./elf/../sysdeps/generic/dl-debug.h
fn=dl_main
29 4
30 1
fl=./elf/../sysdeps/generic/dl-hash.h
fn=__rtld_malloc_init_real
43 1
44 1
45 19
48 18
62 24
67 1
72 1
fl=./elf/../sysdeps/generic/dl-new-hash.h
fn=_dl_lookup_symbol_x
69 1968
70 3936
74 42634
77 85268
80 41650
81 83300
87 984
88 984
89 1968
90 984
99 40666
101 40666
102 81332
104 40666
105 40666
fl=./elf/../sysdeps/generic/dl-protected.h
fn=do_lookup_x
29 7808
fl=./elf/../sysdeps/generic/ldsodefs.h
fn=_dl_relocate_object
79 62
140 10434
fn=_dl_start
79 6
fn=do_lookup_x
139 3904
140 5856
fl=./elf/../sysdeps/nptl/dl-mutex.c
fn=__rtld_mutex_init
30 7
37 1
40 7
44 2
45 9
47 6
51 2
52 7
53 6
fl=./elf/../sysdeps/nptl/dl-tls_init_tp.c
fn=__tls_init_tp
68 5
69 1
72 1
75 4
76 2
77 1
82 2
87 4
90 1
93 3
105 4
121 3
128 2
129 3
fn=__tls_pre_init_tp
53 3
56 10
61 2
62 1
64 1
fn=rtld_mutex_dummy
42 178
44 356
fl=./elf/../sysdeps/nptl/pthread_early_init.h
fn=__libc_early_init
33 6
34 1
38 5
45 2
46 1
48 2
52 5
53 1
54 1
56 1
fl=./elf/../sysdeps/posix/dl-fileid.h
fn=_dl_map_object_from_fd
37 20
40 20
49 60
fl=./elf/../sysdeps/unix/sysv/linux/brk.c
fn=brk
36 1
37 1
38 2
44 1
45 1
fl=./elf/../sysdeps/unix/sysv/linux/brk_call.h
fn=brk
24 2
fl=./elf/../sysdeps/unix/sysv/linux/dl-osinfo.h
fn=dl_main
39 2
52 1
fl=./elf/../sysdeps/unix/sysv/linux/dl-parse_auxv.h
fn=_dl_sysdep_parse_arguments
32 2
33 1
34 1
41 93
42 44
43 44
45 1
46 2
47 2
48 2
49 1
51 2
52 2
53 2
54 2
56 2
fl=./elf/../sysdeps/unix/sysv/linux/dl-sysdep.c
fn=_dl_sysdep_parse_arguments
78 7
79 2
80 2
81 3
82 69
83 141
86 2
90 56
93 5
94 2
95 3
96 6
fn=_dl_sysdep_start
102 6
103 1
106 2
110 2
113 1
115 2
122 3
123 2
125 5
137 3
140 5
143 4
fn=_dl_sysdep_start_cleanup
147 1
148 1
fl=./elf/../sysdeps/unix/sysv/linux/dl-vdso-setup.h
fn=dl_main
30 1
33 1
36 1
39 1
45 1
fl=./elf/../sysdeps/unix/sysv/linux/dl-vdso.h
fn=dl_main
40 2
41 5
55 2
fl=./elf/../sysdeps/unix/sysv/linux/rseq-internal.h
fn=__tls_init_tp
32 3
34 7
37 2
40 1
fl=./elf/../sysdeps/unix/sysv/linux/x86/dl-hwcap2.h
fn=update_active.constprop.0
25 2
fl=./elf/../sysdeps/unix/sysv/linux/x86/dl-minsigstacksize.h
fn=get_common_indices.constprop.0
24 2
27 2
28 2
65 3
72 1
74 1
fl=./elf/../sysdeps/x86/cpu-features.c
fn=get_common_indices.constprop.0
398 3
402 4
405 5
409 1
410 4
411 4
412 4
413 3
414 2
421 2
423 9
428 8
435 2
436 7
442 2
457 3
fn=init_cpu_features.constprop.0
376 3
377 2
378 6
383 2
384 6
389 2
390 7
682 8
685 1
686 1
687 1
690 1
699 3
702 6
703 1
706 2
708 6
713 1
715 3
717 9
721 7
774 3
781 2
799 1
832 2
866 4
869 2
870 1
878 2
885 2
887 2
891 2
897 2
899 1
1001 3
1002 2
1005 2
1006 2
1012 1
1013 1
1014 1
1015 2
1019 4
1022 4
1028 3
1041 2
1042 4
1081 1
1082 2
1086 3
1103 2
1104 2
1106 3
1107 2
1109 3
1110 2
1113 2
1127 4
1129 4
1135 4
1142 8
fn=update_active.constprop.0
72 8
76 1
84 3
85 3
86 1
94 4
95 1
103 4
104 1
109 4
112 4
113 1
116 5
117 2
121 5
122 3
123 3
124 2
128 5
129 5
130 3
132 2
133 4
147 2
151 7
152 4
154 3
158 4
161 1
164 2
166 2
170 1
171 1
178 4
180 5
186 4
188 5
190 4
195 5
244 3
245 3
261 4
277 2
281 2
282 1
285 4
289 2
293 3
294 2
296 1
297 1
300 2
302 1
305 2
356 5
360 3
369 1
370 8
fl=./elf/../sysdeps/x86/dl-cacheinfo.h
fn=get_common_cache_info.constprop.0
571 11
586 1
587 1
588 2
589 1
590 2
596 3
598 7
601 2
613 1
618 3
622 2
627 5
630 24
637 8
640 26
645 2
649 3
650 2
654 2
658 3
661 4
662 1
667 4
673 4
681 6
683 2
685 4
687 12
689 1
690 1
691 9
693 4
696 7
701 1
703 4
704 3
705 1
708 2
711 2
718 1
720 4
721 1
726 2
731 2
732 1
733 2
734 1
759 3
770 5
771 5
775 2
782 1
783 2
784 1
785 7
fn=handle_intel.constprop.0
250 108
255 24
261 12
262 12
267 48
271 24
276 24
279 60
281 24
284 60
286 24
305 96
fn=init_cpu_features.constprop.0
792 1
793 1
795 1
809 2
811 3
812 3
813 3
814 2
817 3
819 3
820 2
822 3
824 3
825 1
827 3
829 3
830 2
832 3
834 3
836 3
838 5
894 2
895 2
896 2
897 2
898 2
899 2
900 1
901 1
902 1
903 1
904 1
905 1
907 1
910 3
924 3
925 7
930 2
931 6
932 2
939 3
959 6
968 2
969 2
974 12
987 5
995 7
997 2
1000 5
1002 2
1005 5
1006 5
1010 6
1011 3
1017 7
1020 11
1021 10
1022 13
1025 10
1027 10
1040 4
1042 2
1043 2
1044 1
1045 1
1046 1
1047 1
fn=intel_check_word.constprop.0
110 648
113 324
119 216
123 48
125 12
129 120
131 144
133 60
135 120
143 120
152 12
155 138
158 99
162 58
164 189
167 120
168 72
169 60
170 48
172 11
174 22
176 12
177 16
178 12
179 20
180 14
181 12
183 8
184 12
187 21
190 2
194 192
202 168
216 48
246 144
fl=./elf/../sysdeps/x86/dl-get-cpu-features.c
fn=__x86_cpu_features
39 3
71 3
fn=_dl_x86_init_cpu_features
37 1
39 3
41 1
fl=./elf/../sysdeps/x86/dl-isa-level.h
fn=_dl_load_cache_lookup
28 24
fl=./elf/../sysdeps/x86/dl-procinfo.h
fn=_dl_load_cache_lookup
39 8
42 28
fl=./elf/../sysdeps/x86/dl-prop.h
fn=_dl_map_object_from_fd
149 20
fn=_dl_process_pt_gnu_property
95 36
102 18
115 18
118 9
252 6
253 3
254 12
255 6
257 36
258 3
260 9
fn=dl_main
36 2
37 24
40 10
49 40
53 33
71 2
149 4
235 4
236 2
fl=./elf/../sysdeps/x86/get-isa-level.h
fn=_dl_hwcaps_subdirs_active
30 4
31 1
32 3
36 3
39 4
40 4
45 4
48 2
51 5
53 4
54 2
55 2
58 4
fn=update_active.constprop.0
28 1
30 4
31 1
32 3
36 3
38 1
39 2
40 4
45 4
47 1
48 2
51 5
53 4
54 2
55 2
57 1
58 4
fl=./elf/../sysdeps/x86_64/dl-cet.c
fn=_dl_cet_check
145 2
157 2
173 1
179 1
275 2
276 1
277 2
282 4
283 3
285 2
293 5
296 1
300 2
301 1
302 2
303 2
304 2
305 2
308 1
310 1
313 2
361 8
363 6
fn=_dl_cet_setup_features
331 1
334 2
350 1
fl=./elf/../sysdeps/x86_64/dl-hwcaps-subdirs.c
fn=_dl_hwcaps_subdirs_active
29 1
38 3
43 1
48 1
52 1
fl=./elf/../sysdeps/x86_64/dl-irel.h
fn=_dl_fixup
32 4
fl=./elf/../sysdeps/x86_64/dl-machine.h
fn=_dl_fixup
234 107
fn=_dl_relocate_object
81 30
87 8
91 6
97 2
108 6
129 4
132 4
134 8
267 6990
274 6990
278 6990
287 28339
290 7009
291 136
292 13916
295 10
296 15
307 10
314 25
317 20970
320 81
323 81
346 8
347 12
352 6
354 4
363 4
393 35
400 51
402 68
406 51
415 34
423 9702
436 7
460 30
464 40
465 40
466 50
467 20
476 136
478 68
479 68
498 3063
499 1021
503 2042
504 2042
514 2224
518 2224
521 3336
522 1112
730 14
734 8
fn=_dl_start
55 1
278 9
287 27
290 6
291 12
317 8
323 2
fn=_dl_sysdep_start
220 1
fl=./elf/../sysdeps/x86_64/dl-runtime.h
fn=_dl_fixup
28 107
fl=./elf/../sysdeps/x86_64/dl-trampoline.h
fn=_dl_runtime_resolve_xsave
71 107
76 107
79 107
81 107
91 107
97 107
98 107
99 107
100 107
101 107
102 107
103 107
107 107
108 107
111 107
112 107
114 107
115 107
116 107
117 107
118 107
119 107
121 107
128 107
129 107
130 107
131 107
136 107
137 107
138 107
140 107
141 107
142 107
143 107
144 107
145 107
146 107
148 107
150 107
154 107
156 107
fl=./elf/../sysdeps/x86_64/tls_get_addr.S
fn=__tls_get_addr
29 2
30 2
31 2
33 2
34 2
35 2
38 2
39 2
43 2
44 2
45 2
46 2
fl=./elf/./dl-find_object.h
fn=_dl_find_object_from_map
95 14
96 14
97 7
103 35
104 203
105 140
107 21
112 7
fl=./elf/./dl-hwcaps.h
fn=_dl_important_hwcaps
43 9
45 7
46 1
77 8
78 8
79 7
fl=./elf/./dl-load.h
fn=_dl_map_object_from_fd
91 40
92 16
93 20
94 16
96 16
fl=./elf/./dl-main.h
fn=dl_main
109 5
fl=./elf/./dl-map-segments.h
fn=_dl_map_object_from_fd
28 15
29 45
81 5
101 5
102 15
105 15
106 10
108 10
125 5
135 120
137 60
139 150
149 80
155 10
156 5
157 15
158 10
160 10
165 10
168 15
176 35
182 10
186 16
189 4
194 20
fl=./elf/./dl-sym-post.h
fn=lookup_malloc_symbol
41 8
53 12
fl=./elf/./dl-tunable-types.h
fn=__GI___tunable_set_val
84 5
fl=./elf/./elf/dl-audit.c
fn=_dl_audit_activity_map
29 7
30 1
31 3
37 6
fn=_dl_audit_activity_nsid
41 3
45 12
46 3
47 15
fn=_dl_audit_objclose
97 7
98 28
fn=_dl_audit_objopen
77 5
78 20
fn=_dl_audit_preinit
118 1
119 4
fl=./elf/./elf/dl-cache.c
fn=_dl_cache_libcmp
357 84
358 490
360 660
362 228
368 16
369 12
370 194
372 194
374 8
380 432
382 432
383 114
386 178
387 178
390 54
fn=_dl_load_cache_lookup
191 76
205 4
208 32
210 40
211 8
213 20
220 88
222 230
223 76
227 114
231 114
232 76
240 16
242 8
245 8
247 24
249 4
259 8
269 12
270 16
286 28
295 8
298 8
301 4
302 12
330 8
346 34
347 16
349 18
403 40
405 8
408 12
411 5
419 5
420 8
423 6
424 1
431 1
432 2
477 9
482 12
485 12
500 8
512 12
513 60
514 16
515 4
516 32
fn=_dl_unload_cache
525 3
526 4
528 2
529 1
533 1
535 2
fl=./elf/./elf/dl-call-libc-early-init.c
fn=_dl_call_libc_early_init
27 7
29 2
33 5
37 2
39 4
40 2
41 3
fl=./elf/./elf/dl-call_fini.c
fn=_dl_call_fini
24 56
28 14
32 7
34 7
35 14
38 10
39 15
42 44
43 6
47 7
48 14
49 15
50 37
fl=./elf/./elf/dl-catch.c
fn=_dl_catch_error
254 12
256 2
257 2
258 2
259 2
261 6
fn=_dl_catch_exception
58 39
59 26
69 26
70 65
204 104
207 26
214 13
228 13
229 26
235 78
237 39
239 52
248 39
fn=_dl_receive_error
58 2
59 1
69 2
70 2
186 7
188 1
192 1
194 1
197 1
198 4
fl=./elf/./elf/dl-debug.c
fn=_dl_debug_initialize
56 3
57 1
59 2
61 2
63 3
64 1
85 3
90 3
91 2
92 1
95 3
96 6
99 2
107 2
fn=_dl_debug_state
116 2
117 2
fn=_dl_debug_update
38 6
40 12
41 6
44 12
48 6
fl=./elf/./elf/dl-deps.c
fn=_dl_map_object_deps
128 3
129 5
130 6
132 3
136 8
143 13
144 20
160 9
161 1
164 1
182 1
183 6
184 1
188 15
190 27
193 7
197 21
198 46
201 20
205 10
208 22
210 20
215 5
216 5
217 10
218 10
219 5
221 631
222 298
228 113
230 12
232 48
233 24
242 12
244 24
249 35
252 5
253 5
254 5
255 10
256 5
257 5
259 20
263 36
264 27
266 411
417 14
419 25
422 10
423 20
429 5
430 25
431 25
434 5
435 10
439 21
441 7
442 32
448 5
449 1
452 4
463 5
465 4
470 5
471 1
472 2
474 25
478 7
483 14
485 21
490 7
494 2
495 3
532 2
533 2
547 9
552 9
553 5
557 1
559 2
560 1
561 3
568 3
571 2
574 8
fn=openaux
61 72
64 132
65 12
68 12
69 36
fl=./elf/./elf/dl-environ.c
fn=_dl_next_ld_env_entry
28 3
29 3
32 211
34 138
35 18
37 2
40 4
42 2
45 67
fl=./elf/./elf/dl-find_object.c
fn=_dl_find_object_init
561 5
564 1
566 2
567 3
579 2
580 3
582 2
585 2
590 1
591 1
594 3
596 2
599 6
601 1
604 4
fn=_dlfo_process_initial
474 8
475 2
477 2
478 4
504 24
505 34
506 14
508 52
511 48
513 36
515 12
516 12
517 24
529 2
531 8
fn=_dlfo_sort_mappings
536 1
537 2
540 24
544 10
545 70
546 75
548 5
549 5
553 20
554 25
555 10
557 1
fl=./elf/./elf/dl-fini.c
fn=_dl_fini
26 11
43 1
46 13
49 2
51 1
54 2
56 5
61 1
63 4
68 18
73 25
75 14
77 14
79 14
80 7
81 7
85 7
87 6
88 6
94 6
103 2
108 41
110 7
112 14
114 28
117 14
122 7
126 5
132 6
134 1
138 2
145 8
fl=./elf/./elf/dl-hwcaps.c
fn=_dl_important_hwcaps
52 16
54 2
55 4
56 2
57 2
77 16
80 16
84 2
86 6
87 2
88 2
100 5
102 3
105 1
108 1
112 5
125 12
127 10
128 4
129 4
130 2
133 3
142 13
143 11
145 8
151 5
155 4
156 3
157 3
161 1
162 2
163 2
172 14
174 2
175 3
185 2
186 3
189 3
193 2
194 2
201 1
202 5
208 2
209 1
213 3
216 9
fl=./elf/./elf/dl-hwcaps_split.c
fn=_dl_hwcaps_split
25 5
26 3
27 1
47 4
fn=_dl_hwcaps_split_masked
26 44
30 24
34 78
35 12
36 24
41 36
42 18
43 12
45 6
51 110
55 5
56 18
57 27
58 24
60 6
62 88
67 12
fl=./elf/./elf/dl-init.c
fn=_dl_init
29 16
35 40
37 41
81 13
82 1
83 1
86 3
89 2
94 4
119 1
120 32
121 14
127 8
fn=call_init.part.0
26 84
43 21
46 21
47 2
51 12
59 18
60 24
63 6
64 12
70 15
72 10
73 117
74 92
76 56
fl=./elf/./elf/dl-load.c
fn=_dl_dst_count
238 108
241 24
244 24
245 12
264 108
fn=_dl_init_paths
706 13
720 4
725 1
727 3
734 3
735 2
739 4
741 4
747 1
748 1
756 8
758 8
759 4
761 5
762 7
763 4
766 13
767 10
768 18
770 32
776 1
777 1
782 1
785 3
787 4
789 3
806 1
808 3
822 2
825 5
827 23
831 2
832 60
833 14
834 28
836 1
837 1
838 2
844 6
847 3
853 1
857 8
fn=_dl_map_object
682 43
685 4
688 6
691 2
692 1
696 20
1967 156
1969 5
1975 26
1976 52
1979 272
1984 357
1986 255
1990 86
1991 129
1994 110
1995 66
1996 110
2010 20
2011 15
2019 15
2034 5
2036 25
2040 16
2042 8
2049 16
2053 4
2054 4
2058 15
2059 5
2073 20
2074 28
2075 4
2084 8
2099 8
2100 64
2106 12
2107 4
2115 4
2129 8
2131 12
2135 12
2137 8
2141 8
2149 8
2172 36
2176 12
2177 4
2194 8
2200 1
2201 4
2202 2
2203 2
2207 9
2210 3
2222 20
2267 10
2268 88
2270 122
fn=_dl_map_object_from_fd
944 70
959 20
989 95
990 40
1008 10
1036 20
1046 10
1053 40
1054 10
1065 10
1066 15
1067 10
1069 15
1070 20
1071 8
1074 17
1075 6
1086 5
1088 5
1090 110
1091 5
1092 5
1093 5
1094 5
1100 210
1101 507
1107 10
1114 13
1115 15
1116 50
1121 2
1122 1
1127 155
1135 100
1136 130
1137 100
1138 20
1139 40
1141 140
1143 40
1156 40
1157 75
1162 20
1163 205
1176 9
1180 12
1181 3
1185 15
1186 6
1189 3
1194 12
1209 10
1210 5
1213 15
1218 35
1228 95
1229 40
1235 10
1245 20
1252 35
1264 5
1268 20
1269 15
1275 14
1276 10
1278 10
1288 15
1307 15
1309 30
1361 15
1362 6
1368 170
1369 280
1375 80
1380 20
1393 10
1395 20
1397 10
1413 10
1417 10
1418 10
1435 10
1436 1
1439 10
1444 10
1449 10
1461 40
1462 12
1463 27
1464 9
1465 5
1471 10
1472 12
1477 6
1484 15
1487 10
1491 15
1492 15
1510 10
1514 35
1515 20
1519 45
fn=_dl_process_pt_gnu_property
868 18
869 12
870 6
876 12
882 30
885 18
886 12
887 12
890 18
891 18
895 6
896 12
900 18
901 9
904 18
907 9
908 36
918 18
920 24
fn=expand_dynamic_string_token
241 6
244 4
385 20
399 4
410 14
fn=fillin_rpath.isra.0
468 17
472 1
474 12
481 2
483 6
487 2
492 3
493 2
500 5
505 2
509 15
510 8
528 4
532 4
534 2
538 1
539 2
540 4
541 1
543 2
549 4
550 14
551 4
553 2
554 3
555 1
561 2
562 1
565 3
571 1
574 8
fn=open_path
1812 44
1813 8
1816 4
1817 4
1819 8
1822 8
1824 88
1827 8
1831 4
1835 24
1842 24
1843 88
1846 24
1851 66
1854 12
1860 18
1863 48
1865 18
1867 6
1872 6
1873 21
1879 9
1881 26
1882 2
1884 3
1891 38
1893 13
1937 32
1941 4
1943 16
1946 12
1960 36
fn=open_verify.constprop.0
1572 132
1604 33
1609 12
1623 55
1625 22
1633 5
1634 15
1639 30
1641 10
1643 10
1645 10
1651 10
1668 74
1749 10
1754 10
1760 20
1766 10
1772 20
1773 20
1777 16
1778 5
1799 99
fl=./elf/./elf/dl-lookup-direct.c
fn=_dl_lookup_direct
32 15
33 9
35 6
36 6
48 9
51 6
53 21
57 9
58 21
59 15
74 39
76 6
78 21
79 6
81 12
84 25
86 12
93 6
115 3
116 27
fl=./elf/./elf/dl-lookup.c
fn=_dl_lookup_symbol_x
772 25584
774 3936
775 7872
778 1968
782 7834
785 3936
787 3936
791 27632
792 33456
797 9840
799 96
816 1968
817 48
820 3936
821 13648
828 2016
856 7808
870 5856
871 2
873 3904
890 7808
892 17712
fn=check_match
70 29400
73 15680
78 18
86 9775
89 4834
93 1955
94 3910
96 3904
115 3904
116 15616
117 9730
118 12
119 12
144 6
146 18
147 12
150 2
151 7
153 3
161 1951
162 15680
fn=do_lookup_x
170 300
171 307
172 940
174 98
175 294
176 530
179 152
180 152
181 82
182 152
183 70
222 492
224 738
226 164
227 82
228 328
230 2694
231 486
234 352
235 176
254 352
257 95
258 285
259 322
262 1377
269 12
272 4
279 298
280 276
281 350
285 20
286 2
287 2
288 4
289 8
300 3
302 2
305 1
306 1
307 2
310 164
311 492
318 328
329 574
331 164
333 246
334 164
347 27552
348 1968
353 1968
354 1968
358 12566
361 12566
365 16562
386 12546
390 12546
396 18819
400 6273
401 6273
404 31365
405 18819
408 6273
409 12546
411 6273
412 5904
413 12546
415 13776
416 25092
419 43911
422 4118
423 6177
424 4118
426 4114
429 26725
431 5880
432 50067
433 3920
436 5880
439 10200
461 15608
470 849
472 2
476 3904
483 10384
487 3801
491 1
499 3740
500 1870
501 1952
518 12993
521 16
522 15744
fl=./elf/./elf/dl-minimal-malloc.c
fn=__minimal_calloc
80 85
84 17
87 17
88 51
fn=__minimal_free
97 3
99 12
fn=__minimal_malloc
36 336
37 126
42 3
43 2
44 2
48 167
51 282
56 12
57 12
59 3
60 24
62 6
64 12
65 9
67 8
70 43
71 46
73 252
fl=./elf/./elf/dl-minimal.c
fn=__rtld_malloc_init_real
76 10
86 2
87 1
89 1
91 6
92 5
93 5
94 4
99 1
100 1
101 1
102 1
103 8
fn=__rtld_malloc_init_stubs
42 1
43 2
44 2
45 2
46 2
47 1
fn=lookup_malloc_symbol
61 36
63 4
64 28
68 28
69 28
71 4
72 24
fn=strsep
239 2
242 4
244 2
245 4
247 2
249 47
251 28
254 56
256 84
264 14
267 1
271 4
fl=./elf/./elf/dl-misc.c
fn=_dl_higher_prime_number
87 2
124 2
125 2
127 26
129 80
130 30
131 6
133 7
145 2
146 2
fn=_dl_name_match_p
68 812
69 464
70 20
72 116
74 458
75 665
80 113
82 96
83 464
fn=_dl_sysdep_read_whole_file
36 11
39 3
40 2
42 6
44 2
47 2
49 8
60 3
63 8
fl=./elf/./elf/dl-object.c
fn=_dl_add_to_namespace_list
31 54
33 18
35 53
38 80
40 5
42 5
45 2
46 18
47 12
48 12
50 12
51 30
fn=_dl_new_object
59 90
62 12
64 2
66 3
67 2
71 6
77 2
80 10
83 26
87 10
92 5
95 12
98 6
99 6
100 12
103 12
104 42
106 6
119 28
123 5
125 1
127 42
130 12
131 12
132 6
136 6
139 40
141 20
149 12
150 6
153 1
155 36
157 20
160 14
164 24
168 35
176 1
179 12
189 24
191 20
195 15
199 10
200 10
208 5
212 5
245 20
250 168
251 168
255 10
256 5
259 5
263 54
fl=./elf/./elf/dl-reloc.c
fn=_dl_relocate_object
170 14252
171 6956
174 23627
175 19444
177 1621
178 6482
182 3714
183 1857
184 1857
186 14862
187 9255
188 3702
190 13096
193 1857
194 12999
196 1621
207 88
208 16
220 14
221 21
224 28
226 21
228 7
229 21
251 35
252 14
253 3
255 14
262 21
301 10279
304 35
328 7
331 14
348 21
350 64
356 42
359 14
363 14
364 42
fl=./elf/./elf/dl-runtime.c
fn=_dl_fixup
46 1177
48 535
49 321
54 107
55 428
56 749
58 214
63 214
67 214
69 107
71 321
75 321
76 428
77 321
84 107
85 321
95 1177
99 535
109 1070
124 428
125 8
133 321
159 321
163 856
fl=./elf/./elf/dl-setup_hash.c
fn=_dl_setup_hash
25 14
28 21
31 21
32 14
33 7
34 7
36 21
37 7
38 21
40 7
41 14
43 7
45 21
50 7
fl=./elf/./elf/dl-sort-maps.c
fn=_dl_sort_maps
140 64
181 2
182 4
183 52
184 28
211 34
216 4
218 2
219 10
221 44
223 14
226 40
244 8
263 8
276 8
283 2
298 26
306 6
310 18
fn=_dl_sort_maps_init
289 4
290 4
291 1
292 3
293 2
fn=dfs_traversal.part.0
135 126
140 70
143 14
145 42
147 186
156 49
171 42
172 14
173 90
fl=./elf/./elf/dl-tunables.c
fn=__GI___tunable_set_val
72 50
82 5
93 40
94 25
97 10
100 35
104 10
111 10
112 10
115 25
116 5
117 5
118 5
153 30
157 15
fn=__GI___tunables_init
42 350
45 69
48 7693
52 138
56 276
128 1
261 10
267 4
281 11316
283 2
287 20493
304 8
fn=__tunable_get_val
387 80
390 474
399 52
400 15
409 31
416 240
418 40
fl=./elf/./elf/dl-tunables.h
fn=__GI___tunable_set_val
141 10
142 10
151 5
fn=__GI___tunables_init
160 1440
161 3311
fl=./elf/./elf/dl-version.c
fn=_dl_check_all_versions
392 7
394 1
396 26
397 7
398 63
401 7
fn=_dl_check_map_versions
36 202
37 53
38 337
56 224
64 168
70 168
86 56
87 112
89 56
94 2260
108 1980
110 56
113 448
120 2802
124 934
155 70
156 7
164 12
170 21
172 35
174 7
175 7
177 14
180 15
184 40
198 7
200 36
208 36
213 36
215 44
217 224
218 421
221 112
224 168
225 5
228 26
231 224
234 168
239 44
243 36
248 7
257 30
260 10
263 551
266 412
270 129
274 18
279 6
280 24
281 18
291 6
294 32
296 12
299 20
301 7
303 36
306 168
308 224
310 280
311 112
312 168
313 168
316 168
321 44
324 36
329 7
334 12
337 10
341 129
343 268
347 129
348 645
349 387
350 129
353 402
357 129
365 10
366 10
367 10
368 4
370 4
372 124
373 60
375 2
376 7
387 63
fl=./elf/./elf/do-rel.h
fn=_dl_relocate_object
49 42
50 42
51 7
53 70
72 8
73 9
80 42
83 3352
85 4448
96 12
97 4
114 36
123 3091
124 2042
126 36
129 40
131 14282
133 17785
134 14228
135 10671
136 14228
138 10671
141 272
142 68
143 68
147 3489
150 10490
151 243
164 24
165 285
166 252
169 204
171 272
172 68
173 136
180 31
182 42
183 12
185 18
193 6
196 18
211 7
fn=_dl_start
49 6
50 4
51 1
53 10
56 4
61 13
63 9
64 6
65 3
fl=./elf/./elf/get-dynamic-info.h
fn=_dl_map_object_from_fd
39 10
43 5
45 567
49 276
51 74
52 37
53 6
54 129
55 109
56 25
59 20
62 20
64 20
68 138
72 20
84 17
85 20
86 20
87 20
88 17
89 19
90 19
91 20
103 40
110 16
115 8
122 8
123 15
129 15
130 6
147 15
152 4
154 4
156 4
158 4
159 4
162 15
164 9
165 6
174 6
175 9
180 6
181 6
184 10
fl=./elf/./elf/libc-dl-profstub.c
fn=_dl_mcount_wrapper_check
36 128
37 384
38 128
fl=./elf/./elf/libc_early_init.c
fn=__libc_early_init
33 9
35 1
38 2
41 2
47 4
49 2
fl=./elf/./elf/rtld.c
fn=_dl_start
85 8
458 2
476 3
477 1
478 2
488 1
494 4
496 2
517 16
543 1
546 2
547 4
563 190
565 1
578 1
585 9
fn=dl_main
85 17
92 12
93 2
101 9
197 2
199 1
224 3
225 5
226 4
296 3
302 1
303 1
837 1
839 1
848 1
850 1
855 1
1115 1
1116 1
1118 1
1122 3
1124 1
1125 1
1140 1
1143 46
1144 117
1148 3
1153 3
1154 9
1163 2
1164 2
1166 1
1173 3
1191 2
1199 8
1200 17
1201 8
1202 1
1204 12
1205 14
1209 8
1210 8
1211 4
1215 12
1243 2
1247 3
1253 28
1254 61
1260 17
1266 4
1269 3
1271 3
1346 13
1351 1
1352 1
1357 1
1373 3
1374 4
1637 10
1639 2
1640 3
1641 2
1642 3
1646 2
1647 2
1672 3
1673 5
1674 3
1675 3
1678 1
1680 1
1681 1
1683 2
1684 2
1688 2
1690 2
1698 4
1705 2
1708 2
1733 4
1735 1
1740 2
1743 4
1744 4
1745 3
1746 1
1747 1
1748 1
1759 2
1760 2
1762 2
1764 1
1765 3
1770 5
1771 5
1773 3
1779 2
1788 2
1792 1
1793 2
1817 2
1823 1
1824 1
1825 1
1829 3
1834 3
1836 1
1838 2
1842 5
1847 2
1863 6
1939 4
1943 19
1944 1
1947 3
1948 1
1949 2
1950 2
1955 3
1965 9
1971 31
1972 18
1975 3
1976 2
1977 1
1979 26
1980 12
1984 2
1990 1
1992 3
1993 2
1995 2
1997 3
1999 3
2000 1
2001 2
2013 2
2014 2
2015 3
2026 5
2027 4
2028 5
2038 2
2039 2
2040 4
2042 2
2047 3
2246 3
2250 3
2256 2
2259 2
2267 2
2279 3
2282 3
2284 3
2285 6
2292 2
2293 30
2295 14
2300 14
2302 16
2304 1
2305 1
2308 7
2310 14
2311 48
2315 20
2316 9
2325 2
2329 4
2331 1
2338 4
2341 2
2345 3
2347 2
2357 1
2362 3
2365 1
2371 1
2372 5
2380 3
2387 1
2390 3
2394 3
2395 1
2396 1
2397 1
2401 1
2406 8
2538 1
2598 1
2600 2
2602 15
2604 2
2606 107
2607 19
2615 13
2640 2
2650 4
2652 2
2653 1
2687 5
2689 2
2690 2
2691 1
2727 5
2749 3
fn=handle_preload_list
183 3
806 1
810 2
811 2
812 1
814 1
816 6
817 3
825 3
869 13
870 3
874 5
877 4
878 3
880 4
881 2
887 1
889 2
891 2
892 1
895 9
fn=init_tls
734 4
736 2
740 3
746 2
749 1
750 1
751 1
755 1
757 1
761 2
762 2
763 18
764 7
765 14
769 9
771 3
773 3
776 2
779 1
786 2
787 2
793 2
797 1
800 5
fn=map_doit
641 6
643 4
644 6
646 3
fn=version_check_doit
674 6
676 6
680 3
fl=./elf/./get-dynamic-info.h
fn=_dl_start
45 75
49 36
51 10
52 5
54 20
55 16
56 5
59 4
62 4
64 4
68 18
72 3
84 4
85 3
86 4
87 4
88 5
89 3
90 4
91 4
103 10
110 3
123 3
129 3
130 3
133 2
134 3
139 5
142 5
fn=dl_main
39 4
43 1
45 115
49 56
51 12
52 6
54 25
55 21
56 5
59 4
62 4
64 4
68 28
72 7
84 3
85 5
86 5
87 5
88 4
89 5
90 5
91 5
103 9
110 3
115 2
122 3
123 4
129 3
147 4
152 2
154 2
156 2
158 2
159 2
162 4
164 3
165 2
174 2
175 3
180 2
181 3
184 3
fl=./elf/./setup-vdso.h
fn=dl_main
24 2
fl=./iconv/./iconv/gconv_simple.c
fn=__gconv_btwoc_ascii
49 128
51 512
54 128
fl=./io/../sysdeps/unix/sysv/linux/access.c
fn=access
25 1
27 7
31 1
fl=./io/../sysdeps/unix/sysv/linux/close_nocancel.c
fn=__GI___close_nocancel
25 6
26 24
27 6
fn=__close_nocancel
25 14
26 56
27 14
fl=./io/../sysdeps/unix/sysv/linux/fstat64.c
fn=fstat
30 7
39 28
72 7
fl=./io/../sysdeps/unix/sysv/linux/fstatat64.c
fn=fstatat
91 28
146 28
160 4
161 44
162 12
fl=./io/../sysdeps/unix/sysv/linux/open64.c
fn=open
30 168
33 98
41 126
43 112
fl=./io/../sysdeps/unix/sysv/linux/open64_nocancel.c
fn=__open_nocancel
28 48
31 84
39 102
41 24
fl=./io/../sysdeps/unix/sysv/linux/pread64_nocancel.c
fn=__pread64_nocancel
25 4
26 8
27 2
fl=./io/../sysdeps/unix/sysv/linux/read.c
fn=read
25 20938
26 125628
27 20938
fl=./io/../sysdeps/unix/sysv/linux/read_nocancel.c
fn=__read_nocancel
25 5
26 20
27 5
fl=./io/../sysdeps/unix/sysv/linux/stat64.c
fn=stat
28 28
29 56
fl=./io/../sysdeps/unix/sysv/linux/write.c
fn=write
25 62
26 372
27 62
fl=./libio/../include/printf_buffer.h
fn=vsnprintf
124 153
127 51
128 51
137 102
fl=./libio/../include/sys/sysmacros.h
fn=_IO_file_doallocate
47 6
fl=./libio/./libio/filedoalloc.c
fn=_IO_file_doallocate
78 11
84 9
86 4
89 2
91 2
94 2
97 4
101 3
102 2
104 4
105 1
106 9
fl=./libio/./libio/fileno.c
fn=fileno
32 20938
35 104690
42 20938
fl=./libio/./libio/fileops.c
fn=_IO_do_write@@GLIBC_2.2.5
424 745
426 437
427 497
434 124
441 248
444 62
449 310
450 310
452 186
453 124
454 62
455 124
456 248
fn=_IO_file_close
1165 14
1168 28
fn=_IO_file_close_it@@GLIBC_2.2.5
128 98
130 42
133 28
134 42
137 14
139 28
142 98
145 42
153 70
154 56
157 28
158 14
159 14
160 14
162 28
163 98
fn=_IO_file_finish@@GLIBC_2.2.5
168 84
169 28
175 42
176 42
fn=_IO_file_fopen@@GLIBC_2.2.5
213 168
214 14
222 28
224 84
227 14
228 28
247 168
281 70
284 28
287 56
288 28
357 168
fn=_IO_file_open
182 168
184 28
185 14
188 28
189 28
191 14
192 84
195 42
205 28
206 14
207 84
fn=_IO_file_overflow@@GLIBC_2.2.5
732 1256
733 628
740 783
743 2
745 2
746 6
755 3
764 3
765 1
766 1
767 1
768 1
769 3
771 3
772 5
773 2
775 314
776 14
777 163
778 300
781 450
782 450
783 600
784 224
785 168
787 150
788 935
fn=_IO_file_setbuf@@GLIBC_2.2.5
382 6
383 3
386 1
388 3
390 2
391 3
fn=_IO_file_stat
1147 1
1148 2
fn=_IO_file_sync@@GLIBC_2.2.5
793 462
798 264
800 66
801 132
812 132
816 330
fn=_IO_file_write@@GLIBC_2.2.5
1174 496
1175 124
1176 372
1180 186
1181 186
1182 124
1187 62
1188 62
1190 186
1191 186
1194 372
fn=_IO_file_xsputn@@GLIBC_2.2.5
444 12
446 2
1198 1998
1200 1
1204 888
1205 222
1211 888
1213 886
1214 442
1217 4306
1219 5160
1221 6
1228 3
1229 215
1232 18
1234 442
1236 1105
1237 221
1238 663
1240 442
1244 42
1250 14
1251 35
1253 21
1264 14
1265 24
1267 18
1268 1998
fn=_IO_new_file_init_internal
106 84
110 14
111 14
113 14
114 14
115 42
fl=./libio/./libio/genops.c
fn=_IO_cleanup
776 6
777 10
780 13
784 3
785 36
792 7
794 6
796 4
798 2
800 3
801 1
805 5
807 3
814 3
816 30
817 3
821 7
822 2
842 12
843 2
855 12
fn=_IO_default_finish
54 28
601 84
603 42
609 42
612 42
624 42
fn=_IO_default_setbuf
330 5
332 1
333 1
337 2
452 10
453 5
455 4
457 3
458 2
462 1
466 4
467 1
468 6
fn=_IO_default_xsputn
371 66
373 12
374 24
375 6
379 404
399 962
401 95
404 48
fn=_IO_doallocbuf
343 8
344 2
346 3
347 5
350 6
fn=_IO_flush_all
686 12
687 3
691 6
692 9
695 12
697 3
698 36
700 21
708 33
709 3
713 7
714 2
718 12
fn=_IO_link_in
87 196
88 140
90 28
92 98
93 126
94 14
95 126
97 28
98 14
100 70
101 14
102 84
103 28
106 266
fn=_IO_no_init
563 154
564 14
565 14
566 28
568 14
572 84
579 14
581 14
587 14
588 84
fn=_IO_old_init
531 14
532 28
534 84
539 98
544 14
550 28
555 42
556 28
558 14
fn=_IO_setb
329 165
330 60
332 15
333 15
335 90
338 90
fn=_IO_un_link
53 28
54 56
82 28
fn=_IO_unsave_markers
937 84
939 28
944 42
946 42
fn=__GI__IO_un_link.part.0
52 140
58 84
59 140
60 14
61 182
63 42
65 28
66 42
74 28
76 140
77 14
78 84
79 28
82 126
fn=__overflow
199 275
201 165
203 165
204 110
fl=./libio/./libio/iofclose.c
fn=fclose@@GLIBC_2.2.5
34 112
48 42
49 14
51 182
52 28
53 42
57 56
58 42
71 28
76 98
fl=./libio/./libio/iofflush.c
fn=fflush
32 390
33 130
39 780
40 325
44 325
fl=./libio/./libio/iofopen.c
fn=fopen@@GLIBC_2.2.5
37 28
65 28
67 42
70 28
72 98
73 28
74 28
75 98
85 126
87 98
fl=./libio/./libio/iofwrite.c
fn=fwrite
31 1998
32 444
35 1332
37 3108
38 1109
39 1554
45 888
46 222
49 1998
fl=./libio/./libio/libioP.h
fn=_IO_cleanup
1025 3
1026 2
fn=_IO_default_setbuf
1025 3
1026 2
fn=_IO_default_xsputn
1025 196
1026 190
fn=_IO_do_write@@GLIBC_2.2.5
1025 186
1026 124
fn=_IO_doallocbuf
1025 3
1026 2
fn=_IO_file_close_it@@GLIBC_2.2.5
1025 42
1026 28
fn=_IO_file_doallocate
1025 3
1026 2
fn=_IO_file_xsputn@@GLIBC_2.2.5
1025 21
1026 14
fn=_IO_flush_all
1025 2
fn=__overflow
1025 165
1026 110
fn=fclose@@GLIBC_2.2.5
951 56
952 56
958 28
979 56
980 126
1025 42
1026 28
fn=fflush
979 130
980 520
1025 195
1026 130
fn=fwrite
979 444
980 1998
1025 444
1026 444
fl=./libio/./libio/putc.c
fn=putc
25 495
28 110
29 385
34 275
fl=./libio/./libio/vsnprintf.c
fn=vsnprintf
63 102
66 51
75 153
76 51
87 102
96 204
102 561
104 306
fl=./libio/./libio/vtables.c
fn=check_stdfiles_vtables
545 1
546 4
547 3
548 3
550 1
fl=./locale/./locale/newlocale.c
fn=newlocale
43 15
55 2
56 1
63 2
66 3
73 4
75 1
277 12
fl=./locale/./locale/uselocale.c
fn=uselocale
30 104
31 312
33 208
36 208
37 104
65 312
66 312
68 312
72 312
73 104
fl=./malloc/../string/bits/string_fortified.h
fn=tcache_init.part.0
59 88
fl=./malloc/../sysdeps/unix/sysv/linux/not-cancel.h
fn=ptmalloc_init.part.0
97 6
fl=./malloc/./malloc/arena.c
fn=free
153 190746900
fn=malloc
153 86080470
264 1
fn=ptmalloc_init.part.0
262 8
267 1
292 2
296 3
300 4
301 4
302 4
303 4
304 4
305 4
306 4
308 4
309 4
310 4
313 4
314 4
316 2
326 8
fl=./malloc/./malloc/malloc.c
fn=_int_free
1792 56337593
1992 166825455
3163 14490074
3165 28980148
3166 7245037
3167 14490074
4495 445078410
4499 190747890
4505 254330520
4506 127165260
4510 317913150
4517 127165260
4518 381495780
4521 63385245
4527 190155735
4547 316926225
4550 7245037
4561 112675186
4572 222433940
4574 166825455
4593 55608485
4595 55608485
4596 55608485
4600 166825455
4602 111216970
4606 111216970
4608 166825455
4609 55608485
4628 222433940
4637 1458216
4640 1458216
4643 1458216
4646 1458216
4658 380766672
fn=_int_free_maybe_consolidate
4770 8020188
4776 1458216
4778 24676
4779 10130
4781 18507
4784 30845
4798 8020188
fn=_int_free_merge_chunk
1992 2187324
4665 5832864
4666 729108
4670 4374648
4673 1458314
4675 147
4678 2187324
4681 1458216
4682 1458216
4683 1458216
4689 1458216
4691 158136
4692 158136
4693 158136
4694 632544
4696 316272
4701 2187324
4702 5103756
4714 1458216
4720 1458204
4721 416944
4722 416944
4724 520630
4732 729102
4733 2916408
4734 1458204
4736 729102
4738 1458204
4740 1119225
4743 729102
4744 729102
4746 2187306
4747 729102
4756 6
4757 18
4758 12
fn=_int_malloc
1326 86080472
1345 258241416
1794 42782546
1985 11381829
2008 204
2017 2
2552 3252
2553 534
2564 1084
2565 24
2568 32
2576 48
2577 16
2589 2136
2590 1068
2599 6400
2605 1599
2608 1602
2669 1602
2677 1068
2678 153
2691 1602
2693 534
2699 2670
2707 1068
2709 2136
2710 1602
2711 50
2712 534
2715 1068
2727 1452
2728 484
2732 3388
2734 968
2738 968
2742 968
2744 1314
2745 1
2746 1552
2752 884
2753 294
2755 972
2782 486
2783 1
2795 3
2814 2
2817 2
2818 6
2820 1
2821 6
2833 5
2847 968
2866 968
2873 485
2875 485
2876 2425
2877 485
2888 1455
2895 968
2896 1452
2904 484
2906 484
2911 968
2913 1650
2921 1602
2922 534
2926 534
2930 2670
2932 534
2933 534
2934 534
2935 3738
2936 1068
2938 534
3159 1689444
3163 27994992
3165 35873745
3166 15562283
3167 27994992
3168 1689444
3178 700165
3182 1400330
3186 2800660
3190 1400330
3191 1400330
3199 700165
3846 473442596
3882 1
3887 86080472
3914 86853542
3916 168216572
3917 1868919
3919 42569523
3921 84623666
3923 3737838
3926 3737838
3927 9344595
3930 121328742
3932 3737838
3933 3737838
3939 3737838
3940 11213514
3945 18039466
3946 66385028
3948 24865418
3950 24865418
3951 74596254
3977 1456806
3979 86692402
3980 81747200
3982 122620800
3984 157001
3985 314002
3987 157001
3988 157001
3989 157001
3991 471003
3997 314002
3998 942006
4003 3319171
4004 1785290
4006 1689444
4008 844722
4009 844722
4010 1689444
4012 844722
4013 844722
4020 157001
4039 1857670
4040 893151
4041 310182
4058 123042946
4059 123042948
4060 123042948
4069 70035682
4070 216119177
4072 36893914
4073 73787828
4074 36893914
4076 73787828
4077 110681742
4079 36893914
4080 147575656
4082 147575656
4084 73787828
4085 73787828
4087 73787828
4098 147575656
4099 69561058
4100 69149116
4101 34574558
4104 33350856
4105 33350856
4106 33350856
4107 100052568
4108 100052568
4109 66701712
4111 59936358
4115 266806848
4117 100052568
4118 33350856
4121 34075070
4122 100052568
4123 33350856
4127 3543058
4128 3543058
4132 7086116
4134 1448428
4135 2172642
4140 1448428
4141 4337778
4144 42316
4161 5784945
4163 4763994
4164 9527988
4165 2381997
4169 7643615
4170 1211451
4171 436847
4174 873694
4177 99090
4179 396360
4180 198180
4186 343880
4187 85970
4188 257910
4192 39360
4193 43472
4195 8616
4196 25848
4199 13120
4202 13476
4205 25528
4206 6382
4207 12764
4209 6382
4210 19146
4212 13120
4213 26240
4218 1351028
4221 19731908
4222 2818844
4223 2818844
4224 2818844
4225 2818844
4230 5637688
4231 5637688
4232 30100
4233 120400
4240 11275376
4246 1927858
4248 700165
4257 20877477
4259 1181404
4262 886053
4263 6981184
4266 9777
4267 65227
4269 1313
4273 19554
4275 1157
4276 2314
4278 29331
4279 29331
4282 39108
4284 6027
4285 18081
4291 3750
4295 15000
4296 7500
4299 3750
4300 3750
4301 3750
4302 7500
4304 1016
4307 30000
4309 11250
4310 3750
4313 3790
4330 6949402
4331 13898804
4332 13898804
4333 13898804
4334 41696352
4339 30622032
4343 59033656
4346 64101696
4348 1779112
4349 889556
4353 33129054
4355 13764773
4357 27529546
4361 2799754
4364 5599508
4366 5179400
4367 1035880
4368 1035880
4373 7055496
4376 3531522
4378 5291622
4381 5291622
4384 7055496
4386 139674
4387 419022
4394 1624200
4399 6496800
4400 3248400
4403 1624200
4404 1624200
4405 1624200
4408 3248400
4409 1423701
4410 3248400
4412 715178
4415 12993600
4417 4872600
4418 1624200
4421 1763874
4443 5185528
4444 10371056
4446 10371056
4449 15556584
4451 5184953
4452 10369906
4453 5184953
4454 41479624
4456 10369906
4459 10389460
4460 15585816
4461 5195272
4466 2300
4468 66
4470 99
4471 66
4482 550
4487 516482832
fn=alloc_perturb
1985 115638384
1987 38546128
fn=free
3359 445076156
3363 127164616
3371 127164616
3373 63582308
3375 190746924
3379 24
3381 32
3383 16
3384 16
3385 8
3388 16
3392 190746900
3398 190746900
3401 63582308
3402 381493848
fn=malloc
1326 127164620
1345 317043994
3178 41084150
3182 41084150
3186 82168300
3190 41084150
3191 20542075
3248 4
3294 508658480
3301 127164620
3311 125429508
3313 254329240
3316 127164620
3318 190156257
3326 86080470
3328 172160940
3329 215201175
3354 381493860
fn=malloc_consolidate
4811 976428
4826 108492
4828 216984
4839 108492
4841 2169840
4842 2169840
4845 82613540
4849 123920310
4850 165227080
4855 206533850
4858 82613540
4859 41306770
4860 123920310
4862 82613540
4863 10496450
4864 10496450
4865 10496450
4866 41985800
4868 125957400
4871 82613540
4874 82613404
4875 29300427
4876 234403416
4878 24012550
4880 41306702
4881 82613404
4882 82613404
4884 82613404
4885 37934980
4889 123920106
4891 41306702
4892 99907556
4896 68
4897 136
4898 136
4901 123840096
4904 3254760
4905 867936
fn=munmap_chunk
3024 16
3025 16
3026 24
3028 16
3030 8
3031 24
3032 8
3038 32
3039 40
3042 8
3043 24
3048 16
3049 8
fn=ptmalloc_init.part.0
1946 385
1949 381
1957 1
1958 1
1960 1
3143 2
fn=sysmalloc_mmap.isra.0
2008 32
2400 48
2413 24
2418 16
2421 80
2424 16
2428 16
2432 32
2448 24
2466 8
2467 24
2471 24
2472 28
2475 24
2476 40
2481 56
fn=sysmalloc_mmap_fallback.constprop.0
2008 1936
2490 5324
2494 484
2497 1452
2498 5
2501 968
2502 958
2505 968
2506 484
2508 4356
2511 968
2515 968
2519 1936
2524 484
2526 484
2528 4356
fn=tcache_init.part.0
3242 4
3251 8
3252 3
3253 2
3261 4
3270 2
3274 3
fn=unlink_chunk.isra.0
1608 83874272
1610 209685680
1613 83874545
1614 83874272
1616 167748544
1619 41937136
1620 41937136
1621 142772315
1623 860942
1624 1291413
1627 860942
1629 766
1630 273
1633 440
1635 110
1636 220
1641 430088
1642 430088
1645 83874272
fl=./malloc/./malloc/morecore.c
fn=__glibc_morecore
25 1605
26 1070
27 484
29 535
30 1070
34 1070
fl=./malloc/./malloc/scratch_buffer_set_array_size.c
fn=__libc_scratch_buffer_set_array_size
30 65
34 5
35 10
45 10
46 5
63 30
fl=./math/../sysdeps/x86_64/fpu/multiarch/e_asin.c
fn=__acos_finite@GLIBC_2.15
35 1
fn=__asin_finite@GLIBC_2.15
27 2
fl=./math/../sysdeps/x86_64/fpu/multiarch/e_atan2.c
fn=__atan2_finite@GLIBC_2.15
26 2
fl=./math/../sysdeps/x86_64/fpu/multiarch/e_exp.c
fn=__exp_finite@GLIBC_2.15
27 2
fl=./math/../sysdeps/x86_64/fpu/multiarch/e_exp2f.c
fn=exp2f@@GLIBC_2.27
27 2
fl=./math/../sysdeps/x86_64/fpu/multiarch/e_expf.c
fn=expf@@GLIBC_2.27
27 2
fl=./math/../sysdeps/x86_64/fpu/multiarch/e_log.c
fn=__log_finite@GLIBC_2.15
27 2
fl=./math/../sysdeps/x86_64/fpu/multiarch/e_log2.c
fn=log2@@GLIBC_2.29
27 2
fl=./math/../sysdeps/x86_64/fpu/multiarch/e_log2f.c
fn=log2f@@GLIBC_2.27
27 2
fl=./math/../sysdeps/x86_64/fpu/multiarch/e_logf.c
fn=logf@@GLIBC_2.27
27 2
fl=./math/../sysdeps/x86_64/fpu/multiarch/e_pow.c
fn=__pow_finite@GLIBC_2.15
27 2
fl=./math/../sysdeps/x86_64/fpu/multiarch/e_powf.c
fn=powf@@GLIBC_2.27
30 1
fl=./math/../sysdeps/x86_64/fpu/multiarch/ifunc-avx-fma4.h
fn=__atan2_finite@GLIBC_2.15
32 5
33 2
fn=__exp_finite@GLIBC_2.15
32 5
33 2
fn=__log_finite@GLIBC_2.15
32 5
33 2
fn=cos
32 5
33 2
fn=sin
32 5
33 2
fl=./math/../sysdeps/x86_64/fpu/multiarch/ifunc-fma.h
fn=__log1p
29 4
30 3
fn=cosf
29 4
30 3
fn=exp2f@@GLIBC_2.27
29 4
30 3
fn=expf@@GLIBC_2.27
29 4
30 3
fn=expm1
29 4
30 3
fn=log2@@GLIBC_2.29
29 4
30 3
fn=log2f@@GLIBC_2.27
29 4
30 3
fn=logf@@GLIBC_2.27
29 4
30 3
fn=powf@@GLIBC_2.27
29 4
30 4
fn=sincosf
29 4
30 3
fn=sinf
29 4
30 3
fl=./math/../sysdeps/x86_64/fpu/multiarch/ifunc-fma4.h
fn=__acos_finite@GLIBC_2.15
31 4
32 2
35 1
fn=__asin_finite@GLIBC_2.15
31 4
32 2
fn=__pow_finite@GLIBC_2.15
31 4
32 2
fn=sincos
31 4
32 2
fl=./math/../sysdeps/x86_64/fpu/multiarch/s_cosf.c
fn=cosf
26 2
fl=./math/../sysdeps/x86_64/fpu/multiarch/s_expm1.c
fn=expm1
26 2
fl=./math/../sysdeps/x86_64/fpu/multiarch/s_fma.c
fn=fma
49 6
fl=./math/../sysdeps/x86_64/fpu/multiarch/s_log1p.c
fn=__log1p
26 2
fl=./math/../sysdeps/x86_64/fpu/multiarch/s_sin.c
fn=cos
34 2
fn=sin
27 2
fl=./math/../sysdeps/x86_64/fpu/multiarch/s_sincos.c
fn=sincos
26 2
fl=./math/../sysdeps/x86_64/fpu/multiarch/s_sincosf.c
fn=sincosf
26 2
fl=./math/../sysdeps/x86_64/fpu/multiarch/s_sinf.c
fn=sinf
26 2
fl=./misc/../sysdeps/unix/syscall-template.S
fn=mprotect
117 35
122 7
fn=munmap
117 45
122 9
fl=./misc/../sysdeps/unix/sysv/linux/brk.c
fn=brk
36 535
37 1070
38 1070
40 968
41 968
44 51
45 51
fl=./misc/../sysdeps/unix/sysv/linux/brk_call.h
fn=brk
24 1070
fl=./misc/../sysdeps/unix/sysv/linux/mmap64.c
fn=mmap
47 3626
50 1036
53 3551
58 3108
60 2072
fl=./misc/../sysdeps/unix/sysv/linux/setvmaname.c
fn=__set_vma_name
33 3456
35 2471
40 14
47 2
48 1
49 4437
fl=./misc/./misc/init-misc.c
fn=__init_misc
30 5
31 6
33 3
37 5
38 3
40 4
fl=./misc/./misc/sbrk.c
fn=sbrk
37 4280
40 1070
43 1070
50 484
58 1070
59 4
62 1070
63 2
66 2136
74 1602
78 3745
fl=./nptl/../sysdeps/nptl/futex-internal.h
fn=__pthread_once_slow
209 8
fl=./nptl/../sysdeps/unix/sysv/linux/x86/elision-conf.c
fn=__lll_elision_init
92 8
96 5
98 4
100 4
102 4
104 4
107 3
108 1
109 6
fl=./nptl/./nptl/alloca_cutoff.c
fn=__libc_alloca_cutoff
27 51
28 459
35 51
fl=./nptl/./nptl/cleanup_compat.c
fn=_pthread_cleanup_pop@@GLIBC_2.34
40 1
43 2
47 2
49 1
fn=_pthread_cleanup_push@@GLIBC_2.34
25 1
28 1
29 1
30 2
32 1
33 1
fl=./nptl/./nptl/libc-cleanup.c
fn=__libc_cleanup_pop_restore
54 30
55 30
57 60
59 30
60 90
71 30
fn=__libc_cleanup_push_defer
24 30
25 30
27 60
29 60
32 60
46 90
48 30
49 30
fl=./nptl/./nptl/pthread_mutex_conf.c
fn=__pthread_tunables_init
55 8
56 5
58 4
60 4
62 6
fl=./nptl/./nptl/pthread_mutex_lock.c
fn=pthread_mutex_lock@@GLIBC_2.2.5
44 1
45 7
46 1
77 5
80 3
82 1
84 2
88 2
97 2
108 4
112 1
115 2
124 1
130 3
131 2
179 1
182 1
184 1
187 1
190 3
fl=./nptl/./nptl/pthread_mutex_unlock.c
fn=pthread_mutex_unlock@@GLIBC_2.2.5
39 1
40 4
41 1
51 3
52 2
57 2
62 1
65 1
70 1
72 1
74 2
80 4
84 3
87 2
367 4
369 2
fl=./nptl/./nptl/pthread_once.c
fn=__pthread_once_slow
68 11
76 1
80 2
88 2
92 2
101 4
114 13
116 1
118 3
124 1
132 10
fn=pthread_once@@GLIBC_2.34
136 65
139 65
140 130
143 1
144 128
fl=./posix/../malloc/dynarray-skeleton.c
fn=__unregister_atfork
243 5
fl=./posix/../sysdeps/unix/sysv/linux/_exit.c
fn=_Exit
27 2
30 4
fl=./posix/./posix/register-atfork.c
fn=__unregister_atfork
71 10
82 30
83 20
109 20
110 15
fl=./resource/../sysdeps/unix/sysv/linux/getrlimit64.c
fn=getrlimit
38 2
39 7
40 1
fl=./setjmp/../sysdeps/x86_64/bsd-_setjmp.S
fn=_setjmp
28 1
30 1
32 1
fl=./setjmp/../sysdeps/x86_64/setjmp.S
fn=__sigsetjmp
31 14
33 14
42 14
43 28
44 14
48 14
49 14
50 14
51 14
52 14
54 28
56 14
57 14
58 14
60 28
62 14
67 1
68 1
70 13
73 13
74 13
81 13
82 13
85 1
fl=./setjmp/./setjmp/sigjmp.c
fn=__sigjmp_save
28 6
29 1
30 2
34 4
fl=./stdio-common/../include/../locale/localeinfo.h
fn=__printf_fp_l_buffer
331 153
fl=./stdio-common/../include/printf_buffer.h
fn=__printf_fp_buffer_1.isra.0
163 306
fl=./stdio-common/../include/rounding-mode.h
fn=__printf_fp_buffer_1.isra.0
52 148
58 46
fl=./stdio-common/../string/bits/string_fortified.h
fn=__printf_buffer_write
29 153
fn=__printf_fp_buffer_1.isra.0
29 112
fl=./stdio-common/../sysdeps/generic/get-rounding-mode.h
fn=__printf_fp_buffer_1.isra.0
94 51
95 357
fl=./stdio-common/../sysdeps/pthread/allocalim.h
fn=__printf_fp_buffer_1.isra.0
27 102
29 255
fl=./stdio-common/./stdio-common/Xprintf_buffer_done.c
fn=__printf_buffer_done
25 51
26 153
31 102
33 612
40 51
fl=./stdio-common/./stdio-common/Xprintf_buffer_write.c
fn=__printf_buffer_write
27 1224
28 459
31 510
33 255
36 51
37 102
40 153
41 51
44 918
fl=./stdio-common/./stdio-common/printf-parse.h
fn=__printf_buffer
82 459
fl=./stdio-common/./stdio-common/printf_fp.c
fn=__printf_fp_buffer_1.isra.0
91 651
93 651
95 794
96 600
101 194
105 679
107 388
108 97
110 194
111 485
118 97
122 291
123 194
124 400
127 360
138 918
159 408
177 51
187 51
221 102
222 51
226 153
230 867
234 51
266 255
267 51
268 102
271 867
272 816
273 816
279 51
280 102
283 31
293 31
294 217
297 93
301 124
305 124
306 31
308 186
309 279
310 62
311 257
313 62
318 403
322 2387
324 146
327 93
337 42
368 62
369 124
375 66
377 11
380 22
381 22
382 33
385 367
388 108
389 108
390 135
391 108
394 403
396 806
397 62
403 77
407 324
411 108
413 54
439 54
442 216
458 108
460 81
461 162
463 204
477 54
483 40
655 60
659 60
660 100
661 40
665 153
674 306
676 102
680 102
686 102
694 51
706 255
707 255
720 51
721 102
722 255
728 153
731 306
738 153
746 153
759 867
760 102
763 153
766 777
769 267
771 51
773 306
774 279
775 153
787 51
788 255
789 370
790 1569
792 217
793 217
794 651
795 434
796 99
805 255
806 204
808 357
809 9
810 51
813 22
818 40
830 46
834 46
835 115
840 138
841 69
842 46
844 46
855 46
924 325
926 14
927 14
931 114
932 4
935 153
980 357
983 102
987 255
991 153
994 204
996 408
999 204
1001 153
1003 102
1006 102
1009 153
1022 204
1024 153
1028 153
1030 561
fn=__printf_fp_l_buffer
1099 969
1102 153
1111 51
1112 102
1115 255
1116 255
1117 153
1122 357
1126 51
1147 561
fn=hack_digit
88 700
91 420
93 420
95 376
96 240
101 184
105 644
107 368
108 92
110 184
111 552
118 184
122 368
123 184
124 345
127 48
128 700
fl=./stdio-common/./stdio-common/vfprintf-internal.c
fn=__printf_buffer
263 153
264 153
266 51
600 765
627 255
631 51
634 51
638 204
642 51
653 153
654 102
655 153
659 102
663 408
683 51
684 51
685 51
686 51
687 51
690 102
691 51
692 51
693 51
694 51
695 51
698 51
699 51
705 714
709 51
744 102
813 51
814 153
818 102
819 204
834 357
837 306
855 714
891 102
973 255
976 1734
996 561
997 102
1001 51
1018 51
1024 51
1028 153
1029 102
1031 102
1044 561
fl=./stdlib/../sysdeps/ieee754/dbl-64/dbl2mpn.c
fn=__mpn_extract_double
33 153
35 51
37 153
38 255
47 153
56 153
103 102
107 102
fl=./stdlib/../sysdeps/x86_64/lshift.S
fn=__mpn_lshift
28 51
29 51
30 51
32 51
33 51
34 51
46 51
47 51
48 51
49 51
50 51
51 51
52 51
58 51
59 51
60 51
fl=./stdlib/../sysdeps/x86_64/mul_1.S
fn=__mpn_mul_1
31 368
32 368
35 368
36 368
37 368
38 368
39 368
41 368
42 368
44 368
45 368
46 368
47 368
48 357
50 357
51 357
52 357
53 357
79 11
80 11
81 11
82 11
83 11
84 11
85 11
86 11
87 11
113 11
114 11
115 11
117 11
118 11
119 11
120 11
121 11
122 368
124 368
127 368
fl=./stdlib/../sysdeps/x86_64/rshift.S
fn=__mpn_rshift
28 54
29 54
30 54
31 54
44 54
45 54
61 54
62 54
63 54
64 54
65 54
66 54
67 54
72 54
73 54
74 54
75 54
76 54
fl=./stdlib/./stdlib/cmp.c
fn=__mpn_cmp
31 42
35 84
37 42
38 42
39 84
47 210
fl=./stdlib/./stdlib/cxa_atexit.c
fn=__cxa_atexit
41 26
43 104
44 26
46 26
52 39
53 13
54 13
55 13
56 13
57 52
58 13
67 91
69 78
fn=__new_exitfn
80 65
81 13
86 26
91 82
93 52
94 60
101 1
104 24
122 1
123 1
129 36
130 24
134 1
136 13
137 13
141 65
fl=./stdlib/./stdlib/cxa_finalize.c
fn=__cxa_finalize
30 50
33 35
36 35
40 196
41 132
43 22
45 11
76 11
78 33
81 44
82 33
83 44
87 33
93 35
97 30
105 10
106 20
107 40
fl=./stdlib/./stdlib/cxa_thread_atexit_impl.c
fn=__call_tls_dtors
148 5
149 4
165 4
fl=./stdlib/./stdlib/divrem.c
fn=__mpn_divrem
46 2646
47 189
49 378
62 189
63 189
65 378
67 35
68 70
72 1484
73 393
76 378
79 189
81 189
234 1701
fl=./stdlib/./stdlib/exit.c
fn=__run_exit_handlers
38 12
40 2
41 2
43 5
54 2
56 2
60 1
64 42
66 26
67 13
69 113
94 2
101 2
102 2
103 2
104 6
107 8
108 6
109 8
113 6
119 3
120 2
126 4
128 2
129 2
131 2
fn=exit
137 3
138 4
fl=./stdlib/./stdlib/getenv.c
fn=getenv
24 9
25 8
28 2
29 279
31 138
32 84
37 9
fl=./stdlib/./stdlib/mul.c
fn=__mpn_mul
48 187
54 22
66 22
71 11
72 22
81 44
83 11
84 11
88 22
141 11
142 121
fl=./stdlib/./stdlib/secure-getenv.c
fn=secure_getenv
28 1
29 5
fl=./string/../include/rtld-malloc.h
fn=strdup
56 12
fl=./string/../string/strcspn.c
fn=strcspn
32 6
33 3
34 2
39 6
40 4
41 4
42 4
44 1
47 9
48 6
51 4
52 4
53 4
54 4
56 3
61 13
62 26
63 26
64 26
65 13
67 78
69 1
70 4
71 3
fl=./string/../string/strstr.c
fn=__GI_strstr
77 168
82 42
84 70
85 28
86 28
161 168
fl=./string/../sysdeps/x86/cacheinfo.c
fn=__x86_cacheinfo
86 1
fl=./string/../sysdeps/x86/cacheinfo.h
fn=__x86_cacheinfo
59 1
62 3
64 3
65 1
71 3
73 3
74 1
78 2
80 2
81 2
82 2
84 2
86 2
fl=./string/../sysdeps/x86_64/multiarch/../multiarch/memcmp-sse2.S
fn=bcmp
59 1
71 1
72 1
94 1
95 1
140 1
141 1
143 1
144 1
146 1
147 1
149 1
150 1
197 1
198 1
199 1
200 1
201 1
202 1
fl=./string/../sysdeps/x86_64/multiarch/../multiarch/memset-vec-unaligned-erms.S
fn=memset
132 12
133 60
138 12
139 12
142 5
143 5
145 1
146 1
147 1
244 4
245 4
257 4
260 4
261 4
273 4
274 4
287 4
288 4
290 4
293 3
296 6
299 93
300 93
301 93
302 93
303 93
304 93
305 93
308 4
309 4
310 4
311 4
316 4
350 7
352 7
353 7
392 7
393 7
395 7
fl=./string/../sysdeps/x86_64/multiarch/../multiarch/strchr-sse2.S
fn=index
32 28
33 28
34 28
35 28
36 28
37 28
38 28
39 28
40 28
41 28
42 28
43 28
44 28
45 28
46 28
47 28
48 28
49 28
50 23
54 23
55 23
56 23
57 23
59 23
63 5
64 5
65 5
66 5
67 5
68 5
69 5
70 5
71 5
72 5
73 5
74 5
75 5
76 5
77 5
78 5
79 5
80 5
81 5
82 5
83 5
84 5
85 5
86 5
138 5
142 5
143 5
144 5
145 5
147 5
fl=./string/../sysdeps/x86_64/multiarch/../multiarch/strcmp-sse2.S
fn=strcmp
98 2442
131 2442
132 2442
134 2442
135 2442
156 2442
157 2442
158 2270
159 2270
160 2171
161 2171
162 2171
163 2171
180 2171
181 2171
182 2171
183 2171
184 2171
185 2171
186 2171
191 48
192 144
201 319
202 319
203 319
204 319
205 319
206 319
207 319
208 319
209 237
210 114
211 114
212 114
214 237
215 237
216 237
217 237
218 237
219 237
229 82
230 82
231 82
233 82
239 82
240 82
241 82
242 82
243 82
248 82
250 75
251 75
252 150
260 77
261 77
264 77
265 77
266 77
267 77
268 77
269 77
275 3
276 3
277 3
280 3
281 3
282 3
283 3
284 3
285 3
290 2
291 2
300 6
301 6
302 6
303 6
304 6
306 6
307 6
308 6
309 6
310 6
311 6
312 6
313 6
316 6
317 6
318 6
324 6
325 6
326 12
330 6
331 6
334 6
335 6
336 6
338 6
339 6
340 6
344 6
345 6
346 6
347 6
348 6
349 6
661 3
662 3
663 3
664 3
665 3
667 3
668 3
669 3
670 3
671 3
672 3
673 3
674 1
678 1
679 1
680 1
686 1
687 1
688 2
692 2
693 2
696 2
697 2
698 2
700 2
701 2
702 2
706 2
707 2
708 2
709 2
710 2
711 2
718 1
719 1
721 1
722 1
724 1
725 1
726 1
728 1
729 1
730 1
734 1
735 1
736 1
737 1
738 1
739 1
746 1
747 1
748 1
780 8
781 8
782 8
783 8
784 8
786 8
787 8
788 8
789 8
790 8
791 8
792 8
793 7
797 7
798 7
799 7
805 7
806 7
807 14
811 11
812 11
815 11
816 11
817 11
819 11
820 11
821 11
825 11
826 11
827 11
828 11
829 11
830 11
837 4
838 4
840 4
841 4
843 4
844 4
845 4
847 4
848 4
849 4
853 4
854 4
855 4
856 4
857 4
858 4
865 4
866 4
867 4
899 10
900 10
901 10
902 10
903 10
905 10
906 10
907 10
908 10
909 10
910 10
911 10
912 9
916 9
917 9
918 9
924 9
925 9
926 18
930 14
931 14
934 14
935 14
936 14
938 14
939 14
940 14
944 14
945 14
946 14
947 14
948 14
949 14
956 7
957 7
959 7
960 7
962 7
963 7
964 7
966 7
967 7
968 7
972 7
973 7
974 7
975 7
976 7
977 7
984 5
985 5
986 5
1018 9
1019 9
1020 9
1021 9
1022 9
1024 9
1025 9
1026 9
1027 9
1028 9
1029 9
1030 9
1031 8
1035 8
1036 8
1037 8
1043 8
1044 8
1045 16
1049 10
1050 10
1053 10
1054 10
1055 10
1057 10
1058 10
1059 10
1063 10
1064 10
1065 10
1066 10
1067 10
1068 10
1075 4
1076 4
1078 4
1079 4
1081 4
1082 4
1083 4
1085 4
1086 4
1087 4
1091 4
1092 4
1093 4
1094 4
1095 4
1096 4
1103 2
1104 2
1105 2
1137 18
1138 18
1139 18
1140 18
1141 18
1143 18
1144 18
1145 18
1146 18
1147 18
1148 18
1149 18
1150 11
1154 11
1155 11
1156 11
1162 11
1163 11
1164 22
1168 11
1169 11
1172 11
1173 11
1174 11
1176 11
1177 11
1178 11
1182 11
1183 11
1184 11
1185 11
1186 11
1187 11
1194 5
1195 5
1197 5
1198 5
1200 5
1201 5
1202 5
1204 5
1205 5
1206 5
1210 5
1211 5
1212 5
1213 5
1214 5
1215 5
1256 16
1257 16
1258 16
1259 16
1260 16
1262 16
1263 16
1264 16
1265 16
1266 16
1267 16
1268 16
1269 4
1273 4
1274 4
1275 4
1281 4
1282 4
1283 8
1287 5
1288 5
1291 5
1292 5
1293 5
1295 5
1296 5
1297 5
1301 5
1302 5
1303 5
1304 5
1305 5
1306 5
1313 1
1314 1
1316 1
1317 1
1319 1
1320 1
1321 1
1323 1
1324 1
1325 1
1329 1
1330 1
1331 1
1332 1
1333 1
1334 1
1341 1
1342 1
1343 1
1375 15
1376 15
1377 15
1378 15
1379 15
1381 15
1382 15
1383 15
1384 15
1385 15
1386 15
1387 15
1388 13
1392 13
1393 13
1394 13
1400 13
1401 13
1402 26
1406 17
1407 17
1410 19
1411 19
1412 19
1414 19
1415 19
1416 19
1420 19
1421 19
1422 19
1423 19
1424 19
1425 19
1432 7
1433 7
1435 7
1436 7
1438 5
1439 5
1440 5
1442 5
1443 5
1444 5
1448 5
1449 5
1450 5
1451 5
1452 5
1453 5
1460 4
1461 4
1462 4
1466 2
1467 2
1468 2
1469 2
1476 2
1477 2
1478 2
1494 32
1495 32
1496 32
1497 32
1498 32
1500 32
1501 32
1502 32
1503 32
1504 32
1505 32
1506 32
1507 17
1511 17
1512 17
1513 17
1519 17
1520 17
1521 34
1525 21
1526 21
1529 21
1530 21
1531 21
1533 21
1534 21
1535 21
1539 21
1540 21
1541 21
1542 21
1543 21
1544 21
1551 6
1552 6
1554 6
1555 6
1557 6
1558 6
1559 6
1561 6
1562 6
1563 6
1567 6
1568 6
1569 6
1570 6
1571 6
1572 6
1579 4
1580 4
1581 4
1613 33
1614 33
1615 33
1616 33
1617 33
1619 33
1620 33
1621 33
1622 33
1623 33
1624 33
1625 33
1626 12
1630 12
1631 12
1632 12
1638 12
1639 12
1640 24
1644 12
1645 12
1648 12
1649 12
1650 12
1652 12
1653 12
1654 12
1658 12
1659 12
1660 12
1661 12
1662 12
1663 12
1670 3
1671 3
1673 3
1674 3
1676 3
1677 3
1678 3
1680 3
1681 3
1682 3
1686 3
1687 3
1688 3
1689 3
1690 3
1691 3
1732 29
1733 29
1734 29
1735 29
1736 29
1738 29
1739 29
1740 29
1741 29
1742 29
1743 29
1744 29
1745 23
1749 23
1750 23
1751 23
1757 23
1758 23
1759 46
1763 27
1764 27
1767 27
1768 27
1769 27
1771 27
1772 27
1773 27
1777 27
1778 27
1779 27
1780 27
1781 27
1782 27
1789 10
1790 10
1792 10
1793 10
1795 10
1796 10
1797 10
1799 10
1800 10
1801 10
1805 10
1806 10
1807 10
1808 10
1809 10
1810 10
1817 4
1818 4
1819 4
1851 26
1852 26
1853 26
1854 26
1855 26
1857 26
1858 26
1859 26
1860 26
1861 26
1862 26
1863 26
1864 14
1868 14
1869 14
1870 14
1876 14
1877 14
1878 28
1882 16
1883 16
1886 16
1887 16
1888 16
1890 16
1891 16
1892 16
1896 16
1897 16
1898 16
1899 16
1900 16
1901 16
1908 6
1909 6
1911 6
1912 6
1914 6
1915 6
1916 6
1918 6
1919 6
1920 6
1924 6
1925 6
1926 6
1927 6
1928 6
1929 6
1936 2
1937 2
1938 2
1970 32
1971 32
1972 32
1973 32
1974 32
1976 32
1977 32
1978 32
1979 32
1980 32
1981 32
1982 32
1984 8
1988 8
1989 8
1990 8
1996 8
1997 8
1999 16
2003 10
2004 10
2007 10
2008 10
2009 10
2011 10
2012 10
2013 10
2017 10
2018 10
2019 10
2020 10
2021 10
2022 10
2029 5
2030 5
2032 5
2033 5
2035 5
2036 5
2037 5
2039 5
2040 5
2041 5
2045 5
2046 5
2047 5
2048 5
2049 5
2050 5
2057 2
2058 2
2059 2
2093 208
2095 319
2096 319
2097 319
2098 319
2099 228
2104 2442
2110 2442
2111 2442
2119 2442
2120 2442
fn=strncmp
98 1
125 1
126 1
127 1
128 1
129 1
131 1
132 1
134 1
135 1
156 1
157 1
158 1
159 1
160 1
161 1
162 1
163 1
180 1
181 1
182 1
183 1
184 1
185 1
186 1
2104 1
2107 1
2108 1
2110 1
2111 1
2119 1
2120 1
fl=./string/../sysdeps/x86_64/multiarch/../multiarch/strlen-sse2.S
fn=strlen
57 30
101 30
102 30
103 30
104 30
105 30
106 30
107 30
109 30
111 30
142 29
143 29
144 29
145 29
146 29
147 15
149 15
153 14
154 14
155 14
156 14
157 14
158 14
159 14
160 14
161 14
162 14
163 14
164 14
169 112
173 1
174 14
175 6
190 1
191 1
192 2
243 1
244 1
245 1
246 1
247 1
248 1
249 1
250 1
266 1
268 1
269 14
271 1
272 1
273 1
275 1
fl=./string/../sysdeps/x86_64/multiarch/ifunc-avx2.h
fn=memrchr
38 4
40 3
41 2
42 3
45 2
46 2
49 3
52 6
fn=rindex
38 4
40 3
41 2
42 3
45 2
46 2
49 3
52 6
fn=strchrnul
38 4
40 3
41 2
42 3
45 2
46 2
49 3
52 6
fn=strlen
38 12
40 9
41 6
42 9
45 6
46 6
49 9
52 18
fn=strnlen
38 8
40 6
41 4
42 6
45 4
46 4
49 6
52 12
fl=./string/../sysdeps/x86_64/multiarch/ifunc-evex.h
fn=memchr
37 8
38 6
39 6
42 4
43 4
45 4
51 6
54 8
fl=./string/../sysdeps/x86_64/multiarch/ifunc-memcmp.h
fn=bcmp
34 15
35 6
36 6
37 9
40 6
41 6
44 9
47 12
fl=./string/../sysdeps/x86_64/multiarch/ifunc-memmove.h
fn=memcpy@@GLIBC_2.14
56 6
57 9
60 9
61 6
74 6
77 6
85 6
93 6
96 15
fn=memmove
56 4
57 6
60 6
61 4
74 4
77 4
85 4
93 4
96 10
fn=mempcpy
56 2
57 3
60 3
61 2
74 2
77 2
85 2
93 2
96 5
fl=./string/../sysdeps/x86_64/multiarch/ifunc-memset.h
fn=memset
54 10
57 6
58 4
64 4
73 4
75 4
85 4
93 4
96 10
fl=./string/../sysdeps/x86_64/multiarch/ifunc-sse4_2.h
fn=strcspn
36 5
fn=strpbrk
36 5
fn=strspn
36 5
fl=./string/../sysdeps/x86_64/multiarch/ifunc-strcasecmp.h
fn=strcasecmp
36 4
37 2
38 3
41 2
42 2
45 3
48 5
fn=strcasecmp_l
36 4
37 2
38 3
41 2
42 2
45 3
48 5
fn=strncasecmp
36 4
37 2
38 3
41 2
42 2
45 3
48 5
fn=strncasecmp_l
36 4
37 2
38 3
41 2
42 2
45 3
48 5
fl=./string/../sysdeps/x86_64/multiarch/ifunc-strcpy.h
fn=stpcpy
38 4
39 3
42 2
43 2
46 3
49 3
fn=strcat
38 4
39 3
42 2
43 2
46 3
49 3
fn=strcpy
38 4
39 3
42 2
43 2
46 3
49 3
fl=./string/../sysdeps/x86_64/multiarch/ifunc-strncpy.h
fn=stpncpy
35 5
36 3
39 2
40 2
43 3
46 4
fn=strncpy
35 5
36 3
39 2
40 2
43 3
46 4
fl=./string/../sysdeps/x86_64/multiarch/memchr-avx2.S
fn=__memchr_avx2
61 886624
68 886624
70 886624
73 886624
74 886624
76 886624
77 886624
78 886624
79 886624
82 880094
83 880094
86 880094
87 880094
89 876780
90 876780
91 480609
92 480609
94 961218
101 3314
106 3314
113 3314
114 3314
115 1342
116 1342
121 49803
122 49803
123 49803
124 99606
128 1972
129 1972
133 68597
134 68597
135 68597
136 137194
140 46322
141 46322
142 46322
143 92644
148 33299
149 33299
150 33299
151 66598
161 400237
162 400237
163 400237
165 400237
175 400237
176 400237
179 400237
180 400237
182 394986
183 394986
185 345183
186 345183
187 345183
188 345183
190 276586
191 276586
192 276586
193 276586
195 230264
196 230264
197 230264
198 230264
202 196965
203 196965
206 194095
207 194095
208 194095
209 194095
214 388190
224 1016956
225 1016956
226 1016956
227 1016956
228 1016956
229 1016956
230 1016956
232 1016956
238 1016956
239 1016956
241 834533
243 834533
244 834533
248 11672
249 23344
257 16923
258 16923
261 16070
262 16070
266 14510
267 14510
270 1980
271 1980
272 1980
273 1980
274 1980
275 196
276 196
278 25452
286 182423
287 182423
288 182423
290 136847
291 136847
292 136847
294 91073
296 91073
297 91073
298 91073
302 91073
304 91073
305 182146
310 1204
312 1204
314 1204
315 1204
316 1204
317 1204
318 2408
321 1784
322 3568
327 45576
331 45576
333 45576
334 91152
338 46478
342 46478
344 46478
345 92956
350 2870
351 2870
356 2870
358 2870
359 2870
362 2519
363 3723
366 4079
367 4079
368 4079
369 4079
371 3375
372 3375
375 3375
376 3375
379 3375
380 3375
384 2988
385 2988
387 1564
388 1564
390 1564
391 1564
392 1564
393 81
394 81
395 81
397 5976
401 387
402 387
403 387
404 774
412 6530
415 6530
416 6530
417 6530
420 6530
421 6530
428 6530
431 6530
432 6530
434 6530
435 6530
436 2464
437 2464
438 4928
fl=./string/../sysdeps/x86_64/multiarch/memchr.c
fn=memchr
29 4
fl=./string/../sysdeps/x86_64/multiarch/memcmp-avx2-movbe.S
fn=__memcmp_avx2_movbe
73 55
80 55
81 55
84 1
85 1
86 1
90 1
91 1
93 1
94 1
97 1
98 1
99 1
102 1
103 1
106 1
107 1
110 1
111 1
112 1
113 1
114 1
115 1
116 1
117 1
118 1
119 1
122 1
123 1
129 1
130 1
131 1
132 1
136 1
137 1
139 1
140 1
141 1
142 1
145 1
146 1
147 1
148 1
149 1
150 1
152 2
156 40
166 40
167 40
168 40
171 80
401 54
402 54
407 54
408 54
409 54
410 54
411 54
414 54
415 54
416 54
417 54
420 54
421 54
422 14
423 28
fl=./string/../sysdeps/x86_64/multiarch/memcmp.c
fn=bcmp
29 12
fl=./string/../sysdeps/x86_64/multiarch/memcmpeq.c
fn=memcpy@@GLIBC_2.14
29 3
fl=./string/../sysdeps/x86_64/multiarch/memmove-vec-unaligned-erms.S
fn=__memcpy_avx_unaligned_erms
255 4868520
256 4868520
262 4868741
263 4868741
265 2439021
266 2439021
267 2439021
270 1003482
271 1003482
272 1003482
275 2006964
305 2429720
306 2429720
308 1718256
309 1718256
311 865619
315 865619
316 9708
317 9708
318 9708
319 9708
320 9697
321 9697
323 9708
325 9708
331 855911
332 855911
333 855911
334 855911
335 855911
342 711464
343 711464
344 711464
345 711464
347 711464
364 852637
365 852637
366 852637
367 852637
368 852637
375 527218
376 527218
377 527218
378 527218
379 527218
380 527218
381 1054436
386 1435539
387 1435539
392 1431802
393 1431802
395 931293
396 931293
397 931293
399 404075
400 404075
401 404075
402 404075
403 404075
404 404075
405 404075
406 404075
407 404075
408 404075
409 404075
410 404075
411 404075
412 404075
413 808150
417 500509
418 500509
422 500509
424 500509
428 500509
429 500509
440 500509
443 500509
445 500509
447 500509
451 500509
452 500509
461 470421
462 470421
464 470421
466 470421
467 470421
468 470421
471 470421
473 470421
475 470421
477 940842
483 2806515
484 2806515
485 2806515
486 2806515
487 2806515
488 2806515
489 2806515
490 2806515
491 2806515
492 2806515
493 2806515
494 2806515
496 470421
497 470421
498 470421
499 470421
501 470421
505 940842
518 30088
519 30088
521 30088
522 30088
523 30088
525 30088
527 30088
529 60176
535 321299
536 321299
537 321299
538 321299
539 321299
540 321299
541 321299
542 321299
543 321299
544 321299
545 321299
546 321299
548 30088
549 30088
550 30088
551 30088
553 30088
554 60176
563 3736
570 3736
571 3736
577 1142
580 1142
582 1142
585 1142
586 1142
588 1142
590 34751959
592 1142
594 1142
596 2284
601 3737
602 3737
606 3737
608 3737
611 3737
615 3737
616 3737
620 3736
624 3736
648 2594
650 2594
652 2594
654 2594
657 2594
658 2594
660 70685772
663 2594
665 2594
667 5188
684 1
685 1
686 1
691 1
692 1
693 1
700 1
706 1
708 1
716 1
717 1
719 1
721 1
723 1
725 1
733 1
734 1
735 1
736 1
741 1
742 1
743 1
746 1
748 2
753 127
755 8128
756 8128
757 8128
758 8128
760 16256
761 16256
762 4064
764 16256
765 16256
766 4064
767 4064
768 4064
769 127
770 127
771 127
772 127
773 1
776 1
777 1
782 126
783 126
784 63
785 63
786 63
787 63
788 63
789 63
790 63
791 63
792 63
793 63
794 63
795 63
796 63
800 1
801 1
802 1
803 1
805 1
806 1
807 1
808 1
809 2
fn=__mempcpy_avx_unaligned_erms
242 221
243 221
244 221
245 221
fn=memcpy
210 41
211 41
217 68
218 68
220 40
221 40
222 40
224 18
225 18
226 18
228 18
308 28
309 28
311 7
315 7
316 7
317 7
318 1
319 1
323 1
325 7
364 21
365 21
366 21
367 21
368 21
375 15
376 15
377 15
378 15
379 15
380 15
381 15
392 22
393 22
395 20
396 20
397 20
399 5
400 5
401 5
402 5
403 5
404 5
405 5
406 5
407 5
408 5
409 5
410 5
411 5
412 5
413 5
417 2
418 2
422 2
424 2
440 2
443 2
445 2
447 2
451 2
452 2
461 2
462 2
464 2
466 2
467 2
468 2
471 2
473 2
475 2
477 2
483 6
484 6
485 6
486 6
487 6
488 6
489 6
490 6
491 6
492 6
493 6
494 6
496 2
497 2
498 2
499 2
501 2
505 2
fn=mempcpy
197 27
198 27
199 27
200 27
fl=./string/../sysdeps/x86_64/multiarch/memmove.c
fn=memmove
29 2
fl=./string/../sysdeps/x86_64/multiarch/mempcpy.c
fn=mempcpy
33 1
fl=./string/../sysdeps/x86_64/multiarch/memrchr.c
fn=memrchr
29 3
fl=./string/../sysdeps/x86_64/multiarch/memset-vec-unaligned-erms.S
fn=__memset_avx2_unaligned_erms
158 4056573
159 8113146
164 4056573
165 4056573
166 4056571
167 4056571
168 4056571
181 2654410
182 2654410
184 5308820
237 4056571
238 4056571
244 3890282
245 3890282
257 3890282
260 3890282
261 3890282
273 1235872
274 1235872
287 1235872
288 1235872
290 1235872
293 649201
296 649201
299 2456488
300 2456488
301 2456488
302 2456488
303 2456488
304 2456488
305 3105689
308 1235872
309 1235872
310 1235872
311 1235872
314 2471744
325 166289
326 166289
327 166289
328 947425497
329 166289
330 332578
337 2
346 2
347 2
352 2
353 2
389 2
390 2
395 2
fl=./string/../sysdeps/x86_64/multiarch/memset.c
fn=memset
29 2
fl=./string/../sysdeps/x86_64/multiarch/stpcpy.c
fn=stpcpy
33 3
fl=./string/../sysdeps/x86_64/multiarch/stpncpy.c
fn=stpncpy
31 3
fl=./string/../sysdeps/x86_64/multiarch/strcasecmp.c
fn=strcasecmp
31 3
fl=./string/../sysdeps/x86_64/multiarch/strcasecmp_l.c
fn=strcasecmp_l
31 3
fl=./string/../sysdeps/x86_64/multiarch/strcat.c
fn=strcat
29 3
fl=./string/../sysdeps/x86_64/multiarch/strchr-avx2.S
fn=__strchr_avx2
53 14
55 14
56 14
57 14
58 14
59 14
62 14
63 14
67 14
68 14
69 14
70 14
71 14
72 14
73 14
74 14
77 14
85 14
93 14
94 28
fn=__strchrnul_avx2
53 102
55 102
56 102
57 102
58 102
59 102
62 102
63 102
67 102
68 102
69 102
70 102
71 102
72 102
73 102
74 102
87 102
89 204
fl=./string/../sysdeps/x86_64/multiarch/strchr.c
fn=index
42 4
43 2
44 3
47 2
48 2
51 3
54 3
65 3
fl=./string/../sysdeps/x86_64/multiarch/strchrnul.c
fn=strchrnul
31 3
fl=./string/../sysdeps/x86_64/multiarch/strcmp-avx2.S
fn=__strncmp_avx2
206 14
230 14
235 14
249 14
274 14
275 14
276 14
278 14
279 14
283 13
287 13
289 13
291 13
294 13
296 13
297 13
308 13
318 13
319 13
322 13
326 26
331 13
332 13
333 13
957 1
958 1
959 1
960 1
962 1
965 1
966 1
993 1
994 1
995 1
996 1
997 1
998 1
1000 1
1047 1
1048 1
1051 1
1052 1
1053 1
1056 2
1063 1
1064 1
1065 1
1066 1
1076 1
1077 1
1080 1
1081 1
1082 1
1083 1
1089 1
1091 1
1094 1
1095 1
fl=./string/../sysdeps/x86_64/multiarch/strcmp.c
fn=strcmp
47 4
48 2
49 3
52 2
53 2
56 3
59 3
79 3
fl=./string/../sysdeps/x86_64/multiarch/strcpy.c
fn=strcpy
29 3
fl=./string/../sysdeps/x86_64/multiarch/strcspn.c
fn=strcspn
29 2
fl=./string/../sysdeps/x86_64/multiarch/strlen-avx2.S
fn=__strlen_avx2
52 132
65 132
66 132
67 132
70 132
72 132
73 132
76 132
77 132
85 132
86 132
87 132
92 264
fl=./string/../sysdeps/x86_64/multiarch/strlen.c
fn=strlen
29 9
fl=./string/../sysdeps/x86_64/multiarch/strncase.c
fn=strncasecmp
31 3
fl=./string/../sysdeps/x86_64/multiarch/strncase_l.c
fn=strncasecmp_l
31 3
fl=./string/../sysdeps/x86_64/multiarch/strncmp.c
fn=strncmp
43 4
44 2
45 3
48 2
49 2
52 3
55 5
67 3
fl=./string/../sysdeps/x86_64/multiarch/strncpy.c
fn=strncpy
29 3
fl=./string/../sysdeps/x86_64/multiarch/strnlen.c
fn=strnlen
31 6
fl=./string/../sysdeps/x86_64/multiarch/strpbrk.c
fn=strpbrk
29 2
fl=./string/../sysdeps/x86_64/multiarch/strrchr-avx2.S
fn=__strrchr_avx2
53 1
54 1
55 1
57 1
58 1
62 1
63 1
64 1
67 1
69 1
70 1
71 1
72 1
75 1
76 1
78 1
79 1
80 1
81 1
82 1
91 2
fl=./string/../sysdeps/x86_64/multiarch/strrchr.c
fn=rindex
28 3
fl=./string/../sysdeps/x86_64/multiarch/strspn.c
fn=strspn
29 2
fl=./string/./string/strdup.c
fn=strdup
40 36
41 12
44 12
47 24
48 18
fl=./time/../sysdeps/unix/sysv/linux/clock_gettime.c
fn=clock_gettime@@GLIBC_2.17
30 2
38 4
40 4
44 4
68 4
69 4
fl=./wcsmbs/../sysdeps/x86_64/multiarch/ifunc-avx2.h
fn=wcschr
38 8
40 6
41 4
42 6
45 4
46 4
49 6
52 12
fn=wcscmp
38 4
40 3
41 2
42 3
45 2
46 2
49 3
52 6
fl=./wcsmbs/../sysdeps/x86_64/multiarch/ifunc-evex.h
fn=wmemchr
37 8
38 6
39 6
42 4
43 4
45 4
51 6
54 8
fl=./wcsmbs/../sysdeps/x86_64/multiarch/ifunc-memcmp.h
fn=wmemcmp
34 5
35 2
36 2
37 3
40 2
41 2
44 3
47 4
fl=./wcsmbs/../sysdeps/x86_64/multiarch/ifunc-wcs.h
fn=wcpncpy
39 4
40 3
41 3
44 2
45 3
48 4
fn=wcscat
39 4
40 3
41 3
44 2
45 3
48 4
fn=wcsncpy
39 4
40 3
41 3
44 2
45 3
48 4
fl=./wcsmbs/../sysdeps/x86_64/multiarch/ifunc-wcslen.h
fn=wcslen
40 4
41 2
42 3
45 2
46 2
49 3
52 3
fn=wcsnlen
40 4
41 2
42 3
45 2
46 2
49 3
52 3
fl=./wcsmbs/../sysdeps/x86_64/multiarch/ifunc-wmemset.h
fn=wmemset
36 10
37 6
fl=./wcsmbs/../sysdeps/x86_64/multiarch/wcpcpy.c
fn=wcpncpy
31 1
fl=./wcsmbs/../sysdeps/x86_64/multiarch/wcpncpy.c
fn=wcpncpy
31 1
fl=./wcsmbs/../sysdeps/x86_64/multiarch/wcscat.c
fn=wcscat
31 2
fn=wcschr
31 2
fl=./wcsmbs/../sysdeps/x86_64/multiarch/wcschr.c
fn=wcschr
31 4
fl=./wcsmbs/../sysdeps/x86_64/multiarch/wcscmp.c
fn=wcscmp
30 3
fl=./wcsmbs/../sysdeps/x86_64/multiarch/wcscpy.c
fn=wcscpy
42 4
43 2
44 3
46 2
47 3
50 3
60 2
fl=./wcsmbs/../sysdeps/x86_64/multiarch/wcslen.c
fn=wcslen
29 3
fl=./wcsmbs/../sysdeps/x86_64/multiarch/wcsncpy.c
fn=wcsncpy
31 2
fl=./wcsmbs/../sysdeps/x86_64/multiarch/wcsnlen.c
fn=wcsnlen
30 3
fl=./wcsmbs/../sysdeps/x86_64/multiarch/wmemchr.c
fn=wmemchr
31 4
fl=./wcsmbs/../sysdeps/x86_64/multiarch/wmemcmp.c
fn=wmemcmp
29 4
fl=./wcsmbs/../sysdeps/x86_64/multiarch/wmemset.c
fn=wmemset
31 4
fl=./wcsmbs/./wcsmbs/btowc.c
fn=btowc
32 2560
37 1792
42 512
46 384
47 256
48 256
52 512
55 1152
94 1792
fl=./wcsmbs/./wcsmbs/wctob.c
fn=wctob
30 1280
39 384
44 256
45 128
79 1152
fl=./wcsmbs/./wcsmbsload.h
fn=btowc
69 128
70 384
fl=./wctype/./wctype/wctype_l.c
fn=wctype_l
26 110
29 20
32 30
33 68
35 174
37 410
40 48
41 96
45 20
46 10
47 80
fl=???
fn=(below main)
0 12
fn=???
0 3709971038
fn=_GLOBAL__sub_I__Z13printSubgraphiRKSt13unordered_mapIiSt6vectorI4EdgeSaIS1_EESt4hashIiESt8equal_toIiESaISt4pairIKiS3_EEE
0 108
fn=__cpu_indicator_init
0 367
fn=__cxa_get_globals
0 16
fn=__gnu_cxx::stdio_sync_filebuf<char, std::char_traits<char> >::overflow(int)
0 385
fn=__gnu_cxx::stdio_sync_filebuf<char, std::char_traits<char> >::sync()
0 180
fn=__gnu_cxx::stdio_sync_filebuf<char, std::char_traits<char> >::xsputn(char const*, long)
0 1332
fn=__gnu_cxx::stdio_sync_filebuf<wchar_t, std::char_traits<wchar_t> >::sync()
0 15
fn=computeInfluenceScores(std::unordered_map<int, std::vector<Edge, std::allocator<Edge> >, std::hash<int>, std::equal_to<int>, std::allocator<std::pair<int const, std::vector<Edge, std::allocator<Edge> > > > > const&)
0 620341503650
fn=getTopKInfluencers(std::unordered_map<int, double, std::hash<int>, std::equal_to<int>, std::allocator<std::pair<int const, double> > > const&, int)
0 13040642
fn=loadGraph(std::__cxx11::basic_string<char, std::char_traits<char>, std::allocator<char> > const&, std::__cxx11::basic_string<char, std::char_traits<char>, std::allocator<char> > const&, std::__cxx11::basic_string<char, std::char_traits<char>, std::allocator<char> > const&, std::vector<std::unordered_map<int, std::vector<Edge, std::allocator<Edge> >, std::hash<int>, std::equal_to<int>, std::allocator<std::pair<int const, std::vector<Edge, std::allocator<Edge> > > > >, std::allocator<std::unordered_map<int, std::vector<Edge, std::allocator<Edge> >, std::hash<int>, std::equal_to<int>, std::allocator<std::pair<int const, std::vector<Edge, std::allocator<Edge> > > > > > >&, bool)
0 849064126
fn=main
0 46168345
fn=operator delete(void*)
0 127164588
fn=operator delete(void*, unsigned long)
0 127164490
fn=operator delete[](void*)
0 28
fn=operator new(unsigned long)
0 1017316704
fn=operator new[](unsigned long)
0 28
fn=std::_Hash_bytes(void const*, unsigned long, unsigned long)
0 540
fn=std::_Hashtable<int, std::pair<int const, double>, std::allocator<std::pair<int const, double> >, std::__detail::_Select1st, std::equal_to<int>, std::hash<int>, std::__detail::_Mod_range_hashing, std::__detail::_Default_ranged_hash, std::__detail::_Prime_rehash_policy, std::__detail::_Hashtable_traits<false, false, true> >::_M_rehash(unsigned long, unsigned long const&)
0 65888048
fn=std::_Hashtable<int, std::pair<int const, double>, std::allocator<std::pair<int const, double> >, std::__detail::_Select1st, std::equal_to<int>, std::hash<int>, std::__detail::_Mod_range_hashing, std::__detail::_Default_ranged_hash, std::__detail::_Prime_rehash_policy, std::__detail::_Hashtable_traits<false, false, true> >::~_Hashtable()
0 15616480
fn=std::_Hashtable<int, std::pair<int const, int>, std::allocator<std::pair<int const, int> >, std::__detail::_Select1st, std::equal_to<int>, std::hash<int>, std::__detail::_Mod_range_hashing, std::__detail::_Default_ranged_hash, std::__detail::_Prime_rehash_policy, std::__detail::_Hashtable_traits<false, false, true> >::_M_rehash(unsigned long, unsigned long const&)
0 20876598
fn=std::_Hashtable<int, std::pair<int const, int>, std::allocator<std::pair<int const, int> >, std::__detail::_Select1st, std::equal_to<int>, std::hash<int>, std::__detail::_Mod_range_hashing, std::__detail::_Default_ranged_hash, std::__detail::_Prime_rehash_policy, std::__detail::_Hashtable_traits<false, false, true> >::find(int const&) [clone .isra.0]
0 25398144
fn=std::_Hashtable<int, std::pair<int const, int>, std::allocator<std::pair<int const, int> >, std::__detail::_Select1st, std::equal_to<int>, std::hash<int>, std::__detail::_Mod_range_hashing, std::__detail::_Default_ranged_hash, std::__detail::_Prime_rehash_policy, std::__detail::_Hashtable_traits<false, false, true> >::~_Hashtable()
0 4930500
fn=std::_Hashtable<int, std::pair<int const, std::unordered_set<int, std::hash<int>, std::equal_to<int>, std::allocator<int> > >, std::allocator<std::pair<int const, std::unordered_set<int, std::hash<int>, std::equal_to<int>, std::allocator<int> > > >, std::__detail::_Select1st, std::equal_to<int>, std::hash<int>, std::__detail::_Mod_range_hashing, std::__detail::_Default_ranged_hash, std::__detail::_Prime_rehash_policy, std::__detail::_Hashtable_traits<false, false, true> >::_M_rehash(unsigned long, unsigned long const&)
0 21411944
fn=std::_Hashtable<int, std::pair<int const, std::unordered_set<int, std::hash<int>, std::equal_to<int>, std::allocator<int> > >, std::allocator<std::pair<int const, std::unordered_set<int, std::hash<int>, std::equal_to<int>, std::allocator<int> > > >, std::__detail::_Select1st, std::equal_to<int>, std::hash<int>, std::__detail::_Mod_range_hashing, std::__detail::_Default_ranged_hash, std::__detail::_Prime_rehash_policy, std::__detail::_Hashtable_traits<false, false, true> >::clear()
0 176889504
fn=std::_Hashtable<int, std::pair<int const, std::vector<Edge, std::allocator<Edge> > >, std::allocator<std::pair<int const, std::vector<Edge, std::allocator<Edge> > > >, std::__detail::_Select1st, std::equal_to<int>, std::hash<int>, std::__detail::_Mod_range_hashing, std::__detail::_Default_ranged_hash, std::__detail::_Prime_rehash_policy, std::__detail::_Hashtable_traits<false, false, true> >::_M_rehash(unsigned long, unsigned long const&)
0 21672248
fn=std::_Hashtable<int, std::pair<int const, std::vector<double, std::allocator<double> > >, std::allocator<std::pair<int const, std::vector<double, std::allocator<double> > > >, std::__detail::_Select1st, std::equal_to<int>, std::hash<int>, std::__detail::_Mod_range_hashing, std::__detail::_Default_ranged_hash, std::__detail::_Prime_rehash_policy, std::__detail::_Hashtable_traits<false, false, true> >::_M_deallocate_buckets()
0 9
fn=std::_Hashtable<int, std::pair<int const, std::vector<double, std::allocator<double> > >, std::allocator<std::pair<int const, std::vector<double, std::allocator<double> > > >, std::__detail::_Select1st, std::equal_to<int>, std::hash<int>, std::__detail::_Mod_range_hashing, std::__detail::_Default_ranged_hash, std::__detail::_Prime_rehash_policy, std::__detail::_Hashtable_traits<false, false, true> >::_M_rehash(unsigned long, unsigned long const&)
0 895
fn=std::_Hashtable<int, std::pair<int const, std::vector<double, std::allocator<double> > >, std::allocator<std::pair<int const, std::vector<double, std::allocator<double> > > >, std::__detail::_Select1st, std::equal_to<int>, std::hash<int>, std::__detail::_Mod_range_hashing, std::__detail::_Default_ranged_hash, std::__detail::_Prime_rehash_policy, std::__detail::_Hashtable_traits<false, false, true> >::clear()
0 527
fn=std::_Hashtable<std::__cxx11::basic_string<char, std::char_traits<char>, std::allocator<char> >, std::pair<std::__cxx11::basic_string<char, std::char_traits<char>, std::allocator<char> > const, int>, std::allocator<std::pair<std::__cxx11::basic_string<char, std::char_traits<char>, std::allocator<char> > const, int> >, std::__detail::_Select1st, std::equal_to<std::__cxx11::basic_string<char, std::char_traits<char>, std::allocator<char> > >, std::hash<std::__cxx11::basic_string<char, std::char_traits<char>, std::allocator<char> > >, std::__detail::_Mod_range_hashing, std::__detail::_Default_ranged_hash, std::__detail::_Prime_rehash_policy, std::__detail::_Hashtable_traits<true, false, true> >::_Hashtable<std::pair<std::__cxx11::basic_string<char, std::char_traits<char>, std::allocator<char> > const, int> const*>(std::pair<std::__cxx11::basic_string<char, std::char_traits<char>, std::allocator<char> > const, int> const*, std::pair<std::__cxx11::basic_string<char, std::char_traits<char>, std::allocator<char> > const, int> const*, unsigned long, std::hash<std::__cxx11::basic_string<char, std::char_traits<char>, std::allocator<char> > > const&, std::equal_to<std::__cxx11::basic_string<char, std::char_traits<char>, std::allocator<char> > > const&, std::allocator<std::pair<std::__cxx11::basic_string<char, std::char_traits<char>, std::allocator<char> > const, int> > const&, std::integral_constant<bool, true>)
0 253
fn=std::_Hashtable<std::__cxx11::basic_string<char, std::char_traits<char>, std::allocator<char> >, std::pair<std::__cxx11::basic_string<char, std::char_traits<char>, std::allocator<char> > const, int>, std::allocator<std::pair<std::__cxx11::basic_string<char, std::char_traits<char>, std::allocator<char> > const, int> >, std::__detail::_Select1st, std::equal_to<std::__cxx11::basic_string<char, std::char_traits<char>, std::allocator<char> > >, std::hash<std::__cxx11::basic_string<char, std::char_traits<char>, std::allocator<char> > >, std::__detail::_Mod_range_hashing, std::__detail::_Default_ranged_hash, std::__detail::_Prime_rehash_policy, std::__detail::_Hashtable_traits<true, false, true> >::_M_deallocate_buckets()
0 9
fn=std::_Hashtable<std::__cxx11::basic_string<char, std::char_traits<char>, std::allocator<char> >, std::pair<std::__cxx11::basic_string<char, std::char_traits<char>, std::allocator<char> > const, int>, std::allocator<std::pair<std::__cxx11::basic_string<char, std::char_traits<char>, std::allocator<char> > const, int> >, std::__detail::_Select1st, std::equal_to<std::__cxx11::basic_string<char, std::char_traits<char>, std::allocator<char> > >, std::hash<std::__cxx11::basic_string<char, std::char_traits<char>, std::allocator<char> > >, std::__detail::_Mod_range_hashing, std::__detail::_Default_ranged_hash, std::__detail::_Prime_rehash_policy, std::__detail::_Hashtable_traits<true, false, true> >::_M_insert_unique_node(unsigned long, unsigned long, std::__detail::_Hash_node<std::pair<std::__cxx11::basic_string<char, std::char_traits<char>, std::allocator<char> > const, int>, true>*, unsigned long)
0 191
fn=std::_Hashtable<std::__cxx11::basic_string<char, std::char_traits<char>, std::allocator<char> >, std::pair<std::__cxx11::basic_string<char, std::char_traits<char>, std::allocator<char> > const, int>, std::allocator<std::pair<std::__cxx11::basic_string<char, std::char_traits<char>, std::allocator<char> > const, int> >, std::__detail::_Select1st, std::equal_to<std::__cxx11::basic_string<char, std::char_traits<char>, std::allocator<char> > >, std::hash<std::__cxx11::basic_string<char, std::char_traits<char>, std::allocator<char> > >, std::__detail::_Mod_range_hashing, std::__detail::_Default_ranged_hash, std::__detail::_Prime_rehash_policy, std::__detail::_Hashtable_traits<true, false, true> >::_M_rehash(unsigned long, unsigned long const&)
0 39
fn=std::_Hashtable<std::__cxx11::basic_string<char, std::char_traits<char>, std::allocator<char> >, std::pair<std::__cxx11::basic_string<char, std::char_traits<char>, std::allocator<char> > const, int>, std::allocator<std::pair<std::__cxx11::basic_string<char, std::char_traits<char>, std::allocator<char> > const, int> >, std::__detail::_Select1st, std::equal_to<std::__cxx11::basic_string<char, std::char_traits<char>, std::allocator<char> > >, std::hash<std::__cxx11::basic_string<char, std::char_traits<char>, std::allocator<char> > >, std::__detail::_Mod_range_hashing, std::__detail::_Default_ranged_hash, std::__detail::_Prime_rehash_policy, std::__detail::_Hashtable_traits<true, false, true> >::clear()
0 64
fn=std::_V2::system_category()
0 66
fn=std::__basic_file<char>::__basic_file(pthread_mutex_t*)
0 56
fn=std::__basic_file<char>::close()
0 462
fn=std::__basic_file<char>::fd()
0 62814
fn=std::__basic_file<char>::is_open() const
0 360
fn=std::__basic_file<char>::open(char const*, std::_Ios_Openmode, int)
0 448
fn=std::__basic_file<char>::xsgetn(char*, long)
0 565326
fn=std::__basic_file<char>::~__basic_file()
0 84
fn=std::__cxx11::basic_string<char, std::char_traits<char>, std::allocator<char> >::_M_append(char const*, unsigned long)
0 27496133
fn=std::__cxx11::basic_string<char, std::char_traits<char>, std::allocator<char> >::_M_create(unsigned long&, unsigned long)
0 11157416
fn=std::__cxx11::basic_string<char, std::char_traits<char>, std::allocator<char> >::_M_mutate(unsigned long, unsigned long, char const*, unsigned long)
0 3079
fn=std::__cxx11::basic_string<char, std::char_traits<char>, std::allocator<char> >::basic_string<std::allocator<char> >(char const*, std::allocator<char> const&)
0 176
fn=std::__cxx11::basic_string<char, std::char_traits<char>, std::allocator<char> >::reserve(unsigned long)
0 580
fn=std::__cxx11::basic_stringbuf<char, std::char_traits<char>, std::allocator<char> >::_M_sync(char*, unsigned long, unsigned long)
0 28162258
fn=std::__cxx11::basic_stringbuf<char, std::char_traits<char>, std::allocator<char> >::underflow()
0 10409820
fn=std::__cxx11::messages<char>::messages(unsigned long)
0 21
fn=std::__cxx11::messages<wchar_t>::messages(unsigned long)
0 21
fn=std::__cxx11::moneypunct<char, false>::_M_initialize_moneypunct(__locale_struct*, char const*)
0 114
fn=std::__cxx11::moneypunct<char, true>::_M_initialize_moneypunct(__locale_struct*, char const*)
0 115
fn=std::__cxx11::moneypunct<wchar_t, false>::_M_initialize_moneypunct(__locale_struct*, char const*)
0 109
fn=std::__cxx11::moneypunct<wchar_t, true>::_M_initialize_moneypunct(__locale_struct*, char const*)
0 109
fn=std::__cxx11::numpunct<char>::_M_initialize_numpunct(__locale_struct*)
0 417
fn=std::__cxx11::numpunct<wchar_t>::_M_initialize_numpunct(__locale_struct*)
0 353
fn=std::__detail::_Map_base<int, std::pair<int const, double>, std::allocator<std::pair<int const, double> >, std::__detail::_Select1st, std::equal_to<int>, std::hash<int>, std::__detail::_Mod_range_hashing, std::__detail::_Default_ranged_hash, std::__detail::_Prime_rehash_policy, std::__detail::_Hashtable_traits<false, false, true>, true>::operator[](int const&)
0 229624830
fn=std::__detail::_Map_base<int, std::pair<int const, int>, std::allocator<std::pair<int const, int> >, std::__detail::_Select1st, std::equal_to<int>, std::hash<int>, std::__detail::_Mod_range_hashing, std::__detail::_Default_ranged_hash, std::__detail::_Prime_rehash_policy, std::__detail::_Hashtable_traits<false, false, true>, true>::operator[](int const&)
0 73956164
fn=std::__detail::_Map_base<int, std::pair<int const, std::unordered_set<int, std::hash<int>, std::equal_to<int>, std::allocator<int> > >, std::allocator<std::pair<int const, std::unordered_set<int, std::hash<int>, std::equal_to<int>, std::allocator<int> > > >, std::__detail::_Select1st, std::equal_to<int>, std::hash<int>, std::__detail::_Mod_range_hashing, std::__detail::_Default_ranged_hash, std::__detail::_Prime_rehash_policy, std::__detail::_Hashtable_traits<false, false, true>, true>::operator[](int const&)
0 980415723
fn=std::__detail::_Map_base<int, std::pair<int const, std::vector<Edge, std::allocator<Edge> > >, std::allocator<std::pair<int const, std::vector<Edge, std::allocator<Edge> > > >, std::__detail::_Select1st, std::equal_to<int>, std::hash<int>, std::__detail::_Mod_range_hashing, std::__detail::_Default_ranged_hash, std::__detail::_Prime_rehash_policy, std::__detail::_Hashtable_traits<false, false, true>, true>::operator[](int const&)
0 1200949638
fn=std::__detail::_Map_base<int, std::pair<int const, std::vector<double, std::allocator<double> > >, std::allocator<std::pair<int const, std::vector<double, std::allocator<double> > > >, std::__detail::_Select1st, std::equal_to<int>, std::hash<int>, std::__detail::_Mod_range_hashing, std::__detail::_Default_ranged_hash, std::__detail::_Prime_rehash_policy, std::__detail::_Hashtable_traits<false, false, true>, true>::operator[](int const&)
0 4889
fn=std::__detail::_Map_base<std::__cxx11::basic_string<char, std::char_traits<char>, std::allocator<char> >, std::pair<std::__cxx11::basic_string<char, std::char_traits<char>, std::allocator<char> > const, int>, std::allocator<std::pair<std::__cxx11::basic_string<char, std::char_traits<char>, std::allocator<char> > const, int> >, std::__detail::_Select1st, std::equal_to<std::__cxx11::basic_string<char, std::char_traits<char>, std::allocator<char> > >, std::hash<std::__cxx11::basic_string<char, std::char_traits<char>, std::allocator<char> > >, std::__detail::_Mod_range_hashing, std::__detail::_Default_ranged_hash, std::__detail::_Prime_rehash_policy, std::__detail::_Hashtable_traits<true, false, true>, true>::operator[](std::__cxx11::basic_string<char, std::char_traits<char>, std::allocator<char> > const&)
0 279
fn=std::__detail::_Prime_rehash_policy::_M_need_rehash(unsigned long, unsigned long, unsigned long) const
0 557476699
fn=std::__detail::_Prime_rehash_policy::_M_next_bkt(unsigned long) const
0 104467420
fn=std::__num_base::_S_format_float(std::ios_base const&, char*, char)
0 1530
fn=std::__timepunct<char>::_M_initialize_timepunct(__locale_struct*)
0 132
fn=std::__timepunct<char>::__timepunct(std::__timepunct_cache<char>*, unsigned long)
0 24
fn=std::__timepunct<wchar_t>::_M_initialize_timepunct(__locale_struct*)
0 129
fn=std::__timepunct<wchar_t>::__timepunct(std::__timepunct_cache<wchar_t>*, unsigned long)
0 24
fn=std::basic_filebuf<char, std::char_traits<char> >::_M_allocate_internal_buffer()
0 252
fn=std::basic_filebuf<char, std::char_traits<char> >::_M_destroy_internal_buffer()
0 336
fn=std::basic_filebuf<char, std::char_traits<char> >::_M_terminate_output()
0 420
fn=std::basic_filebuf<char, std::char_traits<char> >::basic_filebuf()
0 700
fn=std::basic_filebuf<char, std::char_traits<char> >::close()
0 809
fn=std::basic_filebuf<char, std::char_traits<char> >::open(char const*, std::_Ios_Openmode)
0 686
fn=std::basic_filebuf<char, std::char_traits<char> >::underflow()
0 1423742
fn=std::basic_ios<char, std::char_traits<char> >::_M_cache_locale(std::locale const&)
0 55520256
fn=std::basic_ios<char, std::char_traits<char> >::clear(std::_Ios_Iostate)
0 12145021
fn=std::basic_ios<char, std::char_traits<char> >::init(std::basic_streambuf<char, std::char_traits<char> >*)
0 41640192
fn=std::basic_ios<wchar_t, std::char_traits<wchar_t> >::_M_cache_locale(std::locale const&)
0 128
fn=std::basic_ios<wchar_t, std::char_traits<wchar_t> >::init(std::basic_streambuf<wchar_t, std::char_traits<wchar_t> >*)
0 96
fn=std::basic_istream<char, std::char_traits<char> >& std::getline<char, std::char_traits<char>, std::allocator<char> >(std::basic_istream<char, std::char_traits<char> >&, std::__cxx11::basic_string<char, std::char_traits<char>, std::allocator<char> >&, char)
0 92026347
fn=std::basic_ostream<char, std::char_traits<char> >& std::__ostream_insert<char, std::char_traits<char> >(std::basic_ostream<char, std::char_traits<char> >&, char const*, long)
0 6612
fn=std::basic_ostream<char, std::char_traits<char> >& std::endl<char, std::char_traits<char> >(std::basic_ostream<char, std::char_traits<char> >&) [clone .isra.0]
0 19
fn=std::basic_ostream<char, std::char_traits<char> >& std::operator<< <std::char_traits<char> >(std::basic_ostream<char, std::char_traits<char> >&, char const*)
0 80
fn=std::basic_ostream<wchar_t, std::char_traits<wchar_t> >::flush()
0 174
fn=std::basic_ostream<wchar_t, std::char_traits<wchar_t> >::sentry::sentry(std::basic_ostream<wchar_t, std::char_traits<wchar_t> >&)
0 97
fn=std::chrono::_V2::system_clock::now()
0 32
fn=std::codecvt<char, char, __mbstate_t>::codecvt(unsigned long)
0 19
fn=std::codecvt<char, char, __mbstate_t>::do_always_noconv() const
0 62814
fn=std::codecvt<wchar_t, char, __mbstate_t>::codecvt(unsigned long)
0 19
fn=std::ctype<char>::_M_widen_init() const
0 754
fn=std::ctype<char>::ctype(unsigned short const*, bool, unsigned long)
0 121
fn=std::ctype<wchar_t>::_M_convert_to_wmask(unsigned short) const
0 146
fn=std::ctype<wchar_t>::_M_initialize_ctype()
0 2736
fn=std::ctype<wchar_t>::ctype(unsigned long)
0 21
fn=std::error_category::error_category()
0 10
fn=std::error_category::~error_category()
0 4
fn=std::filesystem::__cxx11::path::_List::_Impl_deleter::operator()(std::filesystem::__cxx11::path::_List::_Impl*) const
0 748
fn=std::filesystem::__cxx11::path::_List::_List()
0 99
fn=std::filesystem::__cxx11::path::_M_split_cmpts()
0 4598
fn=std::filesystem::status(std::filesystem::__cxx11::path const&)
0 297
fn=std::filesystem::status(std::filesystem::__cxx11::path const&, std::error_code&)
0 440
fn=std::future_category()
0 3
fn=std::ios_base::Init::Init()
0 272
fn=std::ios_base::Init::~Init()
0 26
fn=std::ios_base::_M_call_callbacks(std::ios_base::event)
0 13880032
fn=std::ios_base::_M_dispose_callbacks()
0 15615036
fn=std::ios_base::_M_init()
0 48580336
fn=std::ios_base::ios_base()
0 52050600
fn=std::ios_base::~ios_base()
0 18217542
fn=std::istream::operator>>(int&)
0 1769047360
fn=std::istream::sentry::sentry(std::istream&, bool)
0 1894101140
fn=std::istreambuf_iterator<char, std::char_traits<char> > std::num_get<char, std::istreambuf_iterator<char, std::char_traits<char> > >::_M_extract_int<long>(std::istreambuf_iterator<char, std::char_traits<char> >, std::istreambuf_iterator<char, std::char_traits<char> >, std::ios_base&, std::_Ios_Iostate&, long&) const
0 10300262802
fn=std::locale::_Impl::_Impl(unsigned long)
0 673
fn=std::locale::_Impl::_M_install_facet(std::locale::id const*, std::locale::facet const*)
0 12192
fn=std::locale::facet::_S_create_c_locale(__locale_struct*&, char const*, __locale_struct*)
0 14
fn=std::locale::facet::_S_get_c_locale()
0 975
fn=std::locale::facet::_S_get_c_name()
0 21
fn=std::locale::id::_M_id() const
0 208400346
fn=std::locale::locale()
0 76340660
fn=std::locale::locale(std::locale::_Impl*)
0 3
fn=std::locale::operator=(std::locale const&)
0 39905276
fn=std::locale::~locale()
0 41640192
fn=std::messages<char>::messages(unsigned long)
0 21
fn=std::messages<wchar_t>::messages(unsigned long)
0 21
fn=std::moneypunct<char, false>::_M_initialize_moneypunct(__locale_struct*, char const*)
0 114
fn=std::moneypunct<char, true>::_M_initialize_moneypunct(__locale_struct*, char const*)
0 115
fn=std::moneypunct<wchar_t, false>::_M_initialize_moneypunct(__locale_struct*, char const*)
0 109
fn=std::moneypunct<wchar_t, true>::_M_initialize_moneypunct(__locale_struct*, char const*)
0 109
fn=std::num_get<char, std::istreambuf_iterator<char, std::char_traits<char> > >::do_get(std::istreambuf_iterator<char, std::char_traits<char> >, std::istreambuf_iterator<char, std::char_traits<char> >, std::ios_base&, std::_Ios_Iostate&, long&) const
0 59056100
fn=std::num_put<char, std::ostreambuf_iterator<char, std::char_traits<char> > >::do_put(std::ostreambuf_iterator<char, std::char_traits<char> >, std::ios_base&, char, double) const
0 204
fn=std::num_put<char, std::ostreambuf_iterator<char, std::char_traits<char> > >::do_put(std::ostreambuf_iterator<char, std::char_traits<char> >, std::ios_base&, char, long) const
0 165
fn=std::numpunct<char>::_M_initialize_numpunct(__locale_struct*)
0 417
fn=std::numpunct<wchar_t>::_M_initialize_numpunct(__locale_struct*)
0 353
fn=std::ostream& std::ostream::_M_insert<double>(double)
0 2958
fn=std::ostream& std::ostream::_M_insert<long>(long)
0 3204
fn=std::ostream::flush()
0 2429
fn=std::ostream::operator<<(int)
0 605
fn=std::ostream::put(char)
0 2420
fn=std::ostream::sentry::sentry(std::ostream&)
0 7401
fn=std::ostreambuf_iterator<char, std::char_traits<char> > std::num_put<char, std::ostreambuf_iterator<char, std::char_traits<char> > >::_M_insert_float<double>(std::ostreambuf_iterator<char, std::char_traits<char> >, std::ios_base&, char, char, double) const
0 7487
fn=std::ostreambuf_iterator<char, std::char_traits<char> > std::num_put<char, std::ostreambuf_iterator<char, std::char_traits<char> > >::_M_insert_int<long>(std::ostreambuf_iterator<char, std::char_traits<char> >, std::ios_base&, char, long) const
0 5060
fn=std::uncaught_exception()
0 18
fn=std::vector<double, std::allocator<double> >::~vector()
0 8
fn=std::vector<std::__cxx11::basic_string<char, std::char_traits<char>, std::allocator<char> >, std::allocator<std::__cxx11::basic_string<char, std::char_traits<char>, std::allocator<char> > > >::~vector()
0 48
fn=std::vector<std::pair<int, double>, std::allocator<std::pair<int, double> > >::~vector()
0 8
fn=void std::_Hashtable<int, int, std::allocator<int>, std::__detail::_Identity, std::equal_to<int>, std::hash<int>, std::__detail::_Mod_range_hashing, std::__detail::_Default_ranged_hash, std::__detail::_Prime_rehash_policy, std::__detail::_Hashtable_traits<false, true, true> >::_M_assign<std::_Hashtable<int, int, std::allocator<int>, std::__detail::_Identity, std::equal_to<int>, std::hash<int>, std::__detail::_Mod_range_hashing, std::__detail::_Default_ranged_hash, std::__detail::_Prime_rehash_policy, std::__detail::_Hashtable_traits<false, true, true> > const&, std::__detail::_ReuseOrAllocNode<std::allocator<std::__detail::_Hash_node<int, false> > > >(std::_Hashtable<int, int, std::allocator<int>, std::__detail::_Identity, std::equal_to<int>, std::hash<int>, std::__detail::_Mod_range_hashing, std::__detail::_Default_ranged_hash, std::__detail::_Prime_rehash_policy, std::__detail::_Hashtable_traits<false, true, true> > const&, std::__detail::_ReuseOrAllocNode<std::allocator<std::__detail::_Hash_node<int, false> > > const&)
0 580687560
fn=void std::_Hashtable<int, int, std::allocator<int>, std::__detail::_Identity, std::equal_to<int>, std::hash<int>, std::__detail::_Mod_range_hashing, std::__detail::_Default_ranged_hash, std::__detail::_Prime_rehash_policy, std::__detail::_Hashtable_traits<false, true, true> >::_M_assign_elements<std::_Hashtable<int, int, std::allocator<int>, std::__detail::_Identity, std::equal_to<int>, std::hash<int>, std::__detail::_Mod_range_hashing, std::__detail::_Default_ranged_hash, std::__detail::_Prime_rehash_policy, std::__detail::_Hashtable_traits<false, true, true> > const&>(std::_Hashtable<int, int, std::allocator<int>, std::__detail::_Identity, std::equal_to<int>, std::hash<int>, std::__detail::_Mod_range_hashing, std::__detail::_Default_ranged_hash, std::__detail::_Prime_rehash_policy, std::__detail::_Hashtable_traits<false, true, true> > const&)
0 58121428
fn=void std::__adjust_heap<__gnu_cxx::__normal_iterator<std::pair<int, double>*, std::vector<std::pair<int, double>, std::allocator<std::pair<int, double> > > >, long, std::pair<int, double>, __gnu_cxx::__ops::_Iter_comp_iter<getTopKInfluencers(std::unordered_map<int, double, std::hash<int>, std::equal_to<int>, std::allocator<std::pair<int const, double> > > const&, int)::{lambda(std::pair<int, double> const&, std::pair<int, double> const&)#1}> >(__gnu_cxx::__normal_iterator<std::pair<int, double>*, std::vector<std::pair<int, double>, std::allocator<std::pair<int, double> > > >, long, long, std::pair<int, double>, __gnu_cxx::__ops::_Iter_comp_iter<getTopKInfluencers(std::unordered_map<int, double, std::hash<int>, std::equal_to<int>, std::allocator<std::pair<int const, double> > > const&, int)::{lambda(std::pair<int, double> const&, std::pair<int, double> const&)#1}>) [clone .isra.0]
0 37359
fn=void std::__cxx11::basic_string<char, std::char_traits<char>, std::allocator<char> >::_M_construct<char const*>(char const*, char const*, std::forward_iterator_tag) [clone .isra.0]
0 551
fn=void std::__cxx11::basic_string<char, std::char_traits<char>, std::allocator<char> >::_M_construct<char*>(char*, char*, std::forward_iterator_tag) [clone .isra.0]
0 31637134
fn=void std::__insertion_sort<__gnu_cxx::__normal_iterator<std::pair<int, double>*, std::vector<std::pair<int, double>, std::allocator<std::pair<int, double> > > >, __gnu_cxx::__ops::_Iter_comp_iter<main::{lambda(auto:1 const&, auto:2 const&)#1}> >(__gnu_cxx::__normal_iterator<std::pair<int, double>*, std::vector<std::pair<int, double>, std::allocator<std::pair<int, double> > > >, __gnu_cxx::__normal_iterator<std::pair<int, double>*, std::vector<std::pair<int, double>, std::allocator<std::pair<int, double> > > >, __gnu_cxx::__ops::_Iter_comp_iter<main::{lambda(auto:1 const&, auto:2 const&)#1}>) [clone .isra.0]
0 508
fn=void std::__introsort_loop<__gnu_cxx::__normal_iterator<std::pair<int, double>*, std::vector<std::pair<int, double>, std::allocator<std::pair<int, double> > > >, long, __gnu_cxx::__ops::_Iter_comp_iter<main::{lambda(auto:1 const&, auto:2 const&)#1}> >(__gnu_cxx::__normal_iterator<std::pair<int, double>*, std::vector<std::pair<int, double>, std::allocator<std::pair<int, double> > > >, __gnu_cxx::__normal_iterator<std::pair<int, double>*, std::vector<std::pair<int, double>, std::allocator<std::pair<int, double> > > >, long, __gnu_cxx::__ops::_Iter_comp_iter<main::{lambda(auto:1 const&, auto:2 const&)#1}>)
0 825
fn=void std::vector<Edge, std::allocator<Edge> >::_M_realloc_insert<Edge>(__gnu_cxx::__normal_iterator<Edge*, std::vector<Edge, std::allocator<Edge> > >, Edge&&)
0 216257424
fn=void std::vector<int, std::allocator<int> >::_M_realloc_insert<int const&>(__gnu_cxx::__normal_iterator<int*, std::vector<int, std::allocator<int> > >, int const&)
0 40608
fn=void std::vector<std::pair<int, double>, std::allocator<std::pair<int, double> > >::_M_realloc_insert<int const&, double const&>(__gnu_cxx::__normal_iterator<std::pair<int, double>*, std::vector<std::pair<int, double>, std::allocator<std::pair<int, double> > > >, int const&, double const&)
0 1880
summary: 665943221369
